[1] 10
[1] 20
[1] 30
[1] 40
[1] 50
[1] 60
[1] 70
[1] 80
[1] 90
[1] 100
[1] 110
[1] 120
[1] 130
[1] 140
[1] 150
[1] 160
[1] 170
[1] 180
[1] 190
[1] 200
[1] 210
[1] 220
[1] 230
[1] 240
[1] 250
[1] 260
[1] 270
[1] 280
[1] 290
[1] 300
[1] 310
[1] 320
[1] 330
[1] 340
[1] 350
[1] 360
[1] 370
[1] 380
[1] 390
[1] 400
[1] 410
[1] 420
[1] 430
[1] 440
[1] 450
[1] 460
[1] 470
[1] 480
[1] 490
[1] 500
[1] 510
[1] 520
[1] 530
[1] 540
[1] 550
[1] 560
[1] 570
[1] 580
[1] 590
[1] 600
[1] 610
[1] 620
[1] 630
[1] 640
[1] 650
[1] 660
[1] 670
[1] 680
[1] 690
[1] 700
[1] 710
[1] 720
[1] 730
[1] 740
[1] 750
[1] 760
[1] 770
[1] 780
[1] 790
[1] 800
[1] 810
[1] 820
[1] 830
[1] 840
[1] 850
[1] 860
[1] 870
[1] 880
[1] 890
[1] 900
[1] 910
[1] 920
[1] 930
[1] 940
[1] 950
[1] 960
[1] 970
[1] 980
[1] 990
[1] 1000
[1] 1010
[1] 1020
[1] 1030
[1] 1040
[1] 1050
[1] 1060
[1] 1070
[1] 1080
[1] 1090
[1] 1100
[1] 1110
[1] 1120
[1] 1130
[1] 1140
[1] 1150
[1] 1160
[1] 1170
[1] 1180
[1] 1190
[1] 1200
[1] 1210
[1] 1220
[1] 1230
[1] 1240
[1] 1250
[1] 1260
[1] 1270
[1] 1280
[1] 1290
[1] 1300
[1] 1310
[1] 1320
[1] 1330
[1] 1340
[1] 1350
[1] 1360
[1] 1370
[1] 1380
[1] 1390
[1] 1400
[1] 1410
[1] 1420
[1] 1430
[1] 1440
[1] 1450
[1] 1460
[1] 1470
[1] 1480
[1] 1490
[1] 1500
[1] 1510
[1] 1520
[1] 1530
[1] 1540
[1] 1550
[1] 1560
[1] 1570
[1] 1580
[1] 1590
[1] 1600
[1] 1610
[1] 1620
[1] 1630
[1] 1640
[1] 1650
[1] 1660
[1] 1670
[1] 1680
[1] 1690
[1] 1700
[1] 1710
[1] 1720
[1] 1730
[1] 1740
[1] 1750
[1] 1760
[1] 1770
[1] 1780
[1] 1790
[1] 1800
[1] 1810
[1] 1820
[1] 1830
[1] 1840
[1] 1850
[1] 1860
[1] 1870
[1] 1880
[1] 1890
[1] 1900
[1] 1910
[1] 1920
[1] 1930
[1] 1940
[1] 1950
[1] 1960
[1] 1970
[1] 1980
[1] 1990
[1] 2000
[1] 2010
[1] 2020
[1] 2030
[1] 2040
[1] 2050
[1] 2060
[1] 2070
[1] 2080
[1] 2090
[1] 2100
[1] 2110
[1] 2120
[1] 2130
[1] 2140
[1] 2150
[1] 2160
[1] 2170
[1] 2180
[1] 2190
[1] 2200
[1] 2210
[1] 2220
[1] 2230
[1] 2240
[1] 2250
[1] 2260
[1] 2270
[1] 2280
[1] 2290
[1] 2300
[1] 2310
[1] 2320
[1] 2330
[1] 2340
[1] 2350
[1] 2360
[1] 2370
[1] 2380
[1] 2390
[1] 2400
[1] 2410
[1] 2420
[1] 2430
[1] 2440
[1] 2450
[1] 2460
[1] 2470
[1] 2480
[1] 2490
[1] 2500
[1] 2510
[1] 2520
[1] 2530
[1] 2540
[1] 2550
[1] 2560
[1] 2570
[1] 2580
[1] 2590
[1] 2600
[1] 2610
[1] 2620
[1] 2630
[1] 2640
[1] 2650
[1] 2660
[1] 2670
[1] 2680
[1] 2690
[1] 2700
[1] 2710
[1] 2720
[1] 2730
[1] 2740
[1] 2750
[1] 2760
[1] 2770
[1] 2780
[1] 2790
[1] 2800
[1] 2810
[1] 2820
[1] 2830
[1] 2840
[1] 2850
[1] 2860
[1] 2870
[1] 2880
[1] 2890
[1] 2900
[1] 2910
[1] 2920
[1] 2930
[1] 2940
[1] 2950
[1] 2960
[1] 2970
[1] 2980
[1] 2990
[1] 3000
[1] 3010
[1] 3020
[1] 3030
[1] 3040
[1] 3050
[1] 3060
[1] 3070
[1] 3080
[1] 3090
[1] 3100
[1] 3110
[1] 3120
[1] 3130
[1] 3140
[1] 3150
[1] 3160
[1] 3170
[1] 3180
[1] 3190
[1] 3200
[1] 3210
[1] 3220
[1] 3230
[1] 3240
[1] 3250
[1] 3260
[1] 3270
[1] 3280
[1] 3290
[1] 3300
[1] 3310
[1] 3320
[1] 3330
[1] 3340
[1] 3350
[1] 3360
[1] 3370
[1] 3380
[1] 3390
[1] 3400
[1] 3410
[1] 3420
[1] 3430
[1] 3440
[1] 3450
[1] 3460
[1] 3470
[1] 3480
[1] 3490
[1] 3500
[1] 3510
[1] 3520
[1] 3530
[1] "Converged after 3536 steps."
$by.self
                  self.time self.pct total.time total.pct mem.total
"unlist"             752.36    30.26     754.42     30.35  481533.8
"-"                  313.68    12.62     313.68     12.62  138646.8
"exp"                281.00    11.30     281.00     11.30  113927.0
"^"                  165.08     6.64     165.08      6.64   67876.8
"log1p.exp.vec"      143.04     5.75     429.90     17.29  174803.6
"g_fun"              123.34     4.96     589.44     23.71  307185.7
"/"                  113.14     4.55     113.14      4.55   67344.5
"*"                   99.44     4.00      99.44      4.00   52853.7
"VI_step_ss"          90.92     3.66    2485.60     99.98 1331485.5
"FUN"                 88.92     3.58    2486.12    100.00 1331669.0
"log1p"               76.02     3.06      76.02      3.06       0.2
"sum"                 74.52     3.00      74.52      3.00   44477.4
"!="                  57.68     2.32      57.68      2.32   33567.7
"g_fun.vec"           35.88     1.44     404.82     16.28  167562.0
"<="                  26.08     1.05      26.08      1.05   27898.0
"+"                   15.72     0.63      15.72      0.63    7531.6
"ELBO.fun_ss"         15.52     0.62    1342.34     53.99  624987.2
"lapply"               4.26     0.17    2486.12    100.00 1331669.0
"diag<-"               3.02     0.12       3.08      0.12    2556.2
"%*%"                  2.06     0.08       2.06      0.08    1515.2
"("                    1.58     0.06       1.58      0.06     994.9
"length"               0.62     0.02       0.62      0.02     382.6
"lengths"              0.56     0.02       0.56      0.02     247.4
"unique"               0.30     0.01       1.10      0.04     528.5
"standardGeneric"      0.22     0.01       3.40      0.14    2723.3
"sapply"               0.20     0.01     371.82     14.96  218576.7
"unique.default"       0.20     0.01       0.24      0.01     143.8
"=="                   0.16     0.01       0.16      0.01      72.7
"VI_binary_ss"         0.12     0.00    2486.12    100.00 1331669.0
"t"                    0.12     0.00       0.28      0.01     151.4
"numeric"              0.08     0.00       0.08      0.00      30.5
"simplify2array"       0.06     0.00       1.16      0.05     553.7
"match.fun"            0.06     0.00       0.08      0.00      15.8
"isFALSE"              0.04     0.00       0.06      0.00      21.7
"is.factor"            0.04     0.00       0.04      0.00      32.8
"cbind"                0.02     0.00       0.02      0.00      17.2
"is.function"          0.02     0.00       0.02      0.00       0.0
"list"                 0.02     0.00       0.02      0.00       7.8
"t.default"            0.02     0.00       0.02      0.00       0.0

$by.total
                  total.time total.pct mem.total self.time self.pct
"FUN"                2486.12    100.00 1331669.0     88.92     3.58
"lapply"             2486.12    100.00 1331669.0      4.26     0.17
"VI_binary_ss"       2486.12    100.00 1331669.0      0.12     0.00
"%dopar%"            2486.12    100.00 1331669.0      0.00     0.00
"doTryCatch"         2486.12    100.00 1331669.0      0.00     0.00
"e$fun"              2486.12    100.00 1331669.0      0.00     0.00
"eval"               2486.12    100.00 1331669.0      0.00     0.00
"mclapply"           2486.12    100.00 1331669.0      0.00     0.00
"sendMaster"         2486.12    100.00 1331669.0      0.00     0.00
"try"                2486.12    100.00 1331669.0      0.00     0.00
"tryCatch"           2486.12    100.00 1331669.0      0.00     0.00
"tryCatchList"       2486.12    100.00 1331669.0      0.00     0.00
"tryCatchOne"        2486.12    100.00 1331669.0      0.00     0.00
"VI_step_ss"         2485.60     99.98 1331485.5     90.92     3.66
"ELBO.fun_ss"        1342.34     53.99  624987.2     15.52     0.62
"unlist"              754.42     30.35  481533.8    752.36    30.26
"g_fun"               589.44     23.71  307185.7    123.34     4.96
"loglogit"            500.58     20.13  213108.5      0.00     0.00
"log1p.exp.vec"       429.90     17.29  174803.6    143.04     5.75
"g_fun.vec"           404.82     16.28  167562.0     35.88     1.44
"sapply"              371.82     14.96  218576.7      0.20     0.01
"-"                   313.68     12.62  138646.8    313.68    12.62
"exp"                 281.00     11.30  113927.0    281.00    11.30
"^"                   165.08      6.64   67876.8    165.08     6.64
"/"                   113.14      4.55   67344.5    113.14     4.55
"*"                    99.44      4.00   52853.7     99.44     4.00
"log1p"                76.02      3.06       0.2     76.02     3.06
"sum"                  74.52      3.00   44477.4     74.52     3.00
"!="                   57.68      2.32   33567.7     57.68     2.32
"<="                   26.08      1.05   27898.0     26.08     1.05
"+"                    15.72      0.63    7531.6     15.72     0.63
"standardGeneric"       3.40      0.14    2723.3      0.22     0.01
"diag<-"                3.08      0.12    2556.2      3.02     0.12
"%*%"                   2.06      0.08    1515.2      2.06     0.08
"("                     1.58      0.06     994.9      1.58     0.06
"simplify2array"        1.16      0.05     553.7      0.06     0.00
"unique"                1.10      0.04     528.5      0.30     0.01
"length"                0.62      0.02     382.6      0.62     0.02
"lengths"               0.56      0.02     247.4      0.56     0.02
"t"                     0.28      0.01     151.4      0.12     0.00
"unique.default"        0.24      0.01     143.8      0.20     0.01
"=="                    0.16      0.01      72.7      0.16     0.01
"numeric"               0.08      0.00      30.5      0.08     0.00
"match.fun"             0.08      0.00      15.8      0.06     0.00
"isFALSE"               0.06      0.00      21.7      0.04     0.00
"is.factor"             0.04      0.00      32.8      0.04     0.00
"mean"                  0.04      0.00      15.7      0.00     0.00
"cbind"                 0.02      0.00      17.2      0.02     0.00
"is.function"           0.02      0.00       0.0      0.02     0.00
"list"                  0.02      0.00       7.8      0.02     0.00
"t.default"             0.02      0.00       0.0      0.02     0.00

$sample.interval
[1] 0.02

$sampling.time
[1] 2486.12

