[1] 10
[1] 20
[1] 30
[1] 40
[1] 50
[1] 60
[1] 70
[1] 80
[1] 90
[1] 100
[1] 110
[1] 120
[1] 130
[1] 140
[1] 150
[1] 160
[1] 170
[1] 180
[1] 190
[1] 200
[1] 210
[1] 220
[1] 230
[1] 240
[1] 250
[1] 260
[1] 270
[1] 280
[1] 290
[1] 300
[1] 310
[1] 320
[1] 330
[1] 340
[1] 350
[1] 360
[1] 370
[1] 380
[1] 390
[1] 400
[1] 410
[1] 420
[1] 430
[1] 440
[1] 450
[1] 460
[1] 470
[1] 480
[1] 490
[1] 500
[1] 510
[1] 520
[1] 530
[1] 540
[1] 550
[1] 560
[1] 570
[1] 580
[1] 590
[1] 600
[1] 610
[1] 620
[1] 630
[1] 640
[1] 650
[1] 660
[1] 670
[1] 680
[1] 690
[1] 700
[1] 710
[1] 720
[1] 730
[1] 740
[1] 750
[1] 760
[1] 770
[1] 780
[1] 790
[1] 800
[1] 810
[1] 820
[1] 830
[1] 840
[1] 850
[1] 860
[1] 870
[1] 880
[1] 890
[1] 900
[1] 910
[1] 920
[1] 930
[1] 940
[1] 950
[1] 960
[1] 970
[1] 980
[1] 990
[1] 1000
[1] 1010
[1] 1020
[1] 1030
[1] 1040
[1] 1050
[1] 1060
[1] 1070
[1] 1080
[1] 1090
[1] 1100
[1] 1110
[1] 1120
[1] 1130
[1] 1140
[1] 1150
[1] 1160
[1] 1170
[1] 1180
[1] 1190
[1] 1200
[1] 1210
[1] 1220
[1] 1230
[1] 1240
[1] 1250
[1] 1260
[1] 1270
[1] 1280
[1] 1290
[1] 1300
[1] 1310
[1] 1320
[1] 1330
[1] 1340
[1] 1350
[1] 1360
[1] 1370
[1] 1380
[1] 1390
[1] 1400
[1] 1410
[1] 1420
[1] 1430
[1] 1440
[1] 1450
[1] 1460
[1] 1470
[1] 1480
[1] 1490
[1] 1500
[1] 1510
[1] 1520
[1] 1530
[1] 1540
[1] 1550
[1] 1560
[1] 1570
[1] 1580
[1] 1590
[1] 1600
[1] 1610
[1] 1620
[1] 1630
[1] 1640
[1] 1650
[1] 1660
[1] 1670
[1] 1680
[1] 1690
[1] 1700
[1] 1710
[1] 1720
[1] 1730
[1] 1740
[1] 1750
[1] 1760
[1] 1770
[1] 1780
[1] 1790
[1] 1800
[1] 1810
[1] 1820
[1] 1830
[1] 1840
[1] 1850
[1] 1860
[1] 1870
[1] 1880
[1] 1890
[1] 1900
[1] 1910
[1] 1920
[1] 1930
[1] 1940
[1] 1950
[1] 1960
[1] 1970
[1] 1980
[1] 1990
[1] 2000
[1] 2010
[1] 2020
[1] 2030
[1] 2040
[1] 2050
[1] 2060
[1] 2070
[1] 2080
[1] 2090
[1] 2100
[1] 2110
[1] 2120
[1] 2130
[1] 2140
[1] 2150
[1] 2160
[1] 2170
[1] 2180
[1] 2190
[1] 2200
[1] 2210
[1] 2220
[1] 2230
[1] 2240
[1] 2250
[1] 2260
[1] 2270
[1] 2280
[1] 2290
[1] 2300
[1] 2310
[1] 2320
[1] 2330
[1] 2340
[1] 2350
[1] 2360
[1] 2370
[1] 2380
[1] 2390
[1] 2400
[1] 2410
[1] 2420
[1] 2430
[1] 2440
[1] 2450
[1] 2460
[1] 2470
[1] 2480
[1] 2490
[1] 2500
[1] 2510
[1] 2520
[1] 2530
[1] 2540
[1] 2550
[1] 2560
[1] 2570
[1] 2580
[1] 2590
[1] 2600
[1] 2610
[1] 2620
[1] 2630
[1] 2640
[1] 2650
[1] 2660
[1] 2670
[1] 2680
[1] 2690
[1] 2700
[1] 2710
[1] 2720
[1] 2730
[1] 2740
[1] 2750
[1] 2760
[1] 2770
[1] 2780
[1] 2790
[1] 2800
[1] 2810
[1] 2820
[1] 2830
[1] 2840
[1] 2850
[1] 2860
[1] 2870
[1] 2880
[1] 2890
[1] 2900
[1] 2910
[1] 2920
[1] 2930
[1] 2940
[1] 2950
[1] 2960
[1] 2970
[1] 2980
[1] 2990
[1] 3000
[1] 3010
[1] 3020
[1] 3030
[1] 3040
[1] 3050
[1] 3060
[1] 3070
[1] 3080
[1] 3090
[1] 3100
[1] 3110
[1] 3120
[1] 3130
[1] 3140
[1] 3150
[1] 3160
[1] 3170
[1] 3180
[1] 3190
[1] 3200
[1] 3210
[1] 3220
[1] 3230
[1] 3240
[1] 3250
[1] 3260
[1] 3270
[1] 3280
[1] 3290
[1] 3300
[1] 3310
[1] 3320
[1] 3330
[1] 3340
[1] 3350
[1] 3360
[1] 3370
[1] 3380
[1] 3390
[1] 3400
[1] 3410
[1] 3420
[1] 3430
[1] 3440
[1] 3450
[1] 3460
[1] 3470
[1] 3480
[1] 3490
[1] 3500
[1] 3510
[1] 3520
[1] 3530
[1] 3540
[1] 3550
[1] 3560
[1] 3570
[1] 3580
[1] "Converged after 3580 steps."
$by.self
                  self.time self.pct total.time total.pct mem.total
"unlist"             761.94    30.92     763.68     30.99  479395.9
"exp"                284.16    11.53     284.16     11.53  135666.4
"-"                  266.94    10.83     266.94     10.83  116031.7
"FUN"                191.98     7.79    2464.58    100.00 1294880.0
"g_fun"              122.58     4.97     541.72     21.98  308291.4
"/"                  111.82     4.54     111.82      4.54   69221.7
"^"                   99.32     4.03      99.32      4.03   64507.3
"g_fun.vec"           92.62     3.76     416.80     16.91  163392.9
"log1p.exp.vec"       89.08     3.61     406.10     16.48  159383.9
"*"                   87.28     3.54      87.28      3.54   48503.3
"VI_step_ss"          84.28     3.42    2463.96     99.97 1294629.7
"log1p"               76.40     3.10      76.40      3.10       0.2
"sum"                 72.12     2.93      72.12      2.93   43280.6
"!="                  52.58     2.13      52.58      2.13   32129.9
"<="                  28.54     1.16      28.54      1.16   22201.4
"ELBO.fun_ss"         14.50     0.59    1370.86     55.62  582070.0
"+"                   14.30     0.58      14.30      0.58    8347.4
"lapply"               4.46     0.18    2464.58    100.00 1294880.0
"diag<-"               3.64     0.15       3.70      0.15    2706.7
"%*%"                  1.60     0.06       1.60      0.06    1231.5
"("                    1.60     0.06       1.60      0.06    1001.4
"lengths"              0.50     0.02       0.50      0.02     253.0
"unique"               0.44     0.02       1.14      0.05     611.1
"length"               0.44     0.02       0.44      0.02     255.0
"=="                   0.30     0.01       0.30      0.01     234.3
"sapply"               0.18     0.01     466.48     18.93  222669.0
"t"                    0.16     0.01       0.24      0.01     174.1
"unique.default"       0.14     0.01       0.20      0.01     100.3
"VI_binary_ss"         0.12     0.00    2464.58    100.00 1294880.0
"standardGeneric"      0.10     0.00       3.98      0.16    2888.3
"loglogit"             0.06     0.00     448.96     18.22  191538.9
"cbind"                0.06     0.00       0.06      0.00      57.2
"is.factor"            0.06     0.00       0.06      0.00      29.5
"isFALSE"              0.06     0.00       0.06      0.00      14.0
"numeric"              0.06     0.00       0.06      0.00      15.3
"match.fun"            0.04     0.00       0.04      0.00       0.1
"%%"                   0.02     0.00       0.02      0.00       7.8
"&"                    0.02     0.00       0.02      0.00       7.8
":"                    0.02     0.00       0.02      0.00      15.5
"mean"                 0.02     0.00       0.02      0.00       7.8
"print.default"        0.02     0.00       0.02      0.00       7.9
"seq_along"            0.02     0.00       0.02      0.00       7.9

$by.total
                           total.time total.pct mem.total self.time self.pct
"FUN"                         2464.58    100.00 1294880.0    191.98     7.79
"lapply"                      2464.58    100.00 1294880.0      4.46     0.18
"VI_binary_ss"                2464.58    100.00 1294880.0      0.12     0.00
"%dopar%"                     2464.58    100.00 1294880.0      0.00     0.00
"doTryCatch"                  2464.58    100.00 1294880.0      0.00     0.00
"e$fun"                       2464.58    100.00 1294880.0      0.00     0.00
"eval"                        2464.58    100.00 1294880.0      0.00     0.00
"mclapply"                    2464.58    100.00 1294880.0      0.00     0.00
"sendMaster"                  2464.58    100.00 1294880.0      0.00     0.00
"try"                         2464.58    100.00 1294880.0      0.00     0.00
"tryCatch"                    2464.58    100.00 1294880.0      0.00     0.00
"tryCatchList"                2464.58    100.00 1294880.0      0.00     0.00
"tryCatchOne"                 2464.58    100.00 1294880.0      0.00     0.00
"VI_step_ss"                  2463.96     99.97 1294629.7     84.28     3.42
"ELBO.fun_ss"                 1370.86     55.62  582070.0     14.50     0.59
"unlist"                       763.68     30.99  479395.9    761.94    30.92
"g_fun"                        541.72     21.98  308291.4    122.58     4.97
"sapply"                       466.48     18.93  222669.0      0.18     0.01
"loglogit"                     448.96     18.22  191538.9      0.06     0.00
"g_fun.vec"                    416.80     16.91  163392.9     92.62     3.76
"log1p.exp.vec"                406.10     16.48  159383.9     89.08     3.61
"exp"                          284.16     11.53  135666.4    284.16    11.53
"-"                            266.94     10.83  116031.7    266.94    10.83
"/"                            111.82      4.54   69221.7    111.82     4.54
"^"                             99.32      4.03   64507.3     99.32     4.03
"*"                             87.28      3.54   48503.3     87.28     3.54
"log1p"                         76.40      3.10       0.2     76.40     3.10
"sum"                           72.12      2.93   43280.6     72.12     2.93
"!="                            52.58      2.13   32129.9     52.58     2.13
"<="                            28.54      1.16   22201.4     28.54     1.16
"+"                             14.30      0.58    8347.4     14.30     0.58
"standardGeneric"                3.98      0.16    2888.3      0.10     0.00
"diag<-"                         3.70      0.15    2706.7      3.64     0.15
"%*%"                            1.60      0.06    1231.5      1.60     0.06
"("                              1.60      0.06    1001.4      1.60     0.06
"unique"                         1.14      0.05     611.1      0.44     0.02
"simplify2array"                 1.14      0.05     611.1      0.00     0.00
"lengths"                        0.50      0.02     253.0      0.50     0.02
"length"                         0.44      0.02     255.0      0.44     0.02
"=="                             0.30      0.01     234.3      0.30     0.01
"t"                              0.24      0.01     174.1      0.16     0.01
"unique.default"                 0.20      0.01     100.3      0.14     0.01
"cbind"                          0.06      0.00      57.2      0.06     0.00
"is.factor"                      0.06      0.00      29.5      0.06     0.00
"isFALSE"                        0.06      0.00      14.0      0.06     0.00
"numeric"                        0.06      0.00      15.3      0.06     0.00
"print"                          0.06      0.00      23.6      0.00     0.00
"match.fun"                      0.04      0.00       0.1      0.04     0.00
"%%"                             0.02      0.00       7.8      0.02     0.00
"&"                              0.02      0.00       7.8      0.02     0.00
":"                              0.02      0.00      15.5      0.02     0.00
"mean"                           0.02      0.00       7.8      0.02     0.00
"print.default"                  0.02      0.00       7.9      0.02     0.00
"seq_along"                      0.02      0.00       7.9      0.02     0.00
".findInheritedMethods"          0.02      0.00       7.9      0.00     0.00
".inheritedArgsExpression"       0.02      0.00       7.9      0.00     0.00
"<Anonymous>"                    0.02      0.00       7.9      0.00     0.00

$sample.interval
[1] 0.02

$sampling.time
[1] 2464.58

