[1] 10
[1] 20
[1] 30
[1] 40
[1] "Converged after 46 steps."
$by.self
                self.time self.pct total.time total.pct mem.total
"unlist"            28.06    27.65      28.10     27.69    6037.8
"exp"               11.06    10.90      11.06     10.90    3730.4
"^"                  9.08     8.95       9.08      8.95    3004.7
"g_fun"              8.10     7.98      23.72     23.37    7485.1
"g_fun.vec"          6.84     6.74      21.78     21.46    5509.2
"log1p.exp.vec"      6.52     6.42      14.36     14.15    4914.4
"/"                  5.64     5.56       5.64      5.56    3054.9
"FUN"                5.42     5.34     101.48    100.00   33719.0
"*"                  4.46     4.39       4.46      4.39    2479.3
"-"                  4.30     4.24       4.30      4.24    2277.8
"log1p"              2.90     2.86       2.90      2.86       0.0
"VI_step_ss"         2.56     2.52     100.44     98.98   33330.2
"!="                 2.56     2.52       2.56      2.52    1813.2
"sum"                2.26     2.23       2.26      2.23    2316.5
"<="                 0.86     0.85       0.86      0.85    1034.5
"+"                  0.46     0.45       0.46      0.45     316.3
"ELBO.fun_ss"        0.20     0.20      51.08     50.34   16670.3
"lapply"             0.06     0.06     101.48    100.00   33719.0
"%*%"                0.04     0.04       0.04      0.04      27.2
"diag<-"             0.04     0.04       0.04      0.04      51.9
"("                  0.02     0.02       0.02      0.02      20.3
"length"             0.02     0.02       0.02      0.02       9.2
"lengths"            0.02     0.02       0.02      0.02       8.1

$by.total
                  total.time total.pct mem.total self.time self.pct
"FUN"                 101.48    100.00   33719.0      5.42     5.34
"lapply"              101.48    100.00   33719.0      0.06     0.06
"%dopar%"             101.48    100.00   33719.0      0.00     0.00
"VI_binary_ss"        101.48    100.00   33719.0      0.00     0.00
"doTryCatch"          101.48    100.00   33719.0      0.00     0.00
"e$fun"               101.48    100.00   33719.0      0.00     0.00
"eval"                101.48    100.00   33719.0      0.00     0.00
"mclapply"            101.48    100.00   33719.0      0.00     0.00
"sendMaster"          101.48    100.00   33719.0      0.00     0.00
"try"                 101.48    100.00   33719.0      0.00     0.00
"tryCatch"            101.48    100.00   33719.0      0.00     0.00
"tryCatchList"        101.48    100.00   33719.0      0.00     0.00
"tryCatchOne"         101.48    100.00   33719.0      0.00     0.00
"VI_step_ss"          100.44     98.98   33330.2      2.56     2.52
"ELBO.fun_ss"          51.08     50.34   16670.3      0.20     0.20
"unlist"               28.10     27.69    6037.8     28.06    27.65
"g_fun"                23.72     23.37    7485.1      8.10     7.98
"g_fun.vec"            21.78     21.46    5509.2      6.84     6.74
"sapply"               16.86     16.61    6289.0      0.00     0.00
"loglogit"             16.06     15.83    5499.1      0.00     0.00
"log1p.exp.vec"        14.36     14.15    4914.4      6.52     6.42
"exp"                  11.06     10.90    3730.4     11.06    10.90
"^"                     9.08      8.95    3004.7      9.08     8.95
"/"                     5.64      5.56    3054.9      5.64     5.56
"*"                     4.46      4.39    2479.3      4.46     4.39
"-"                     4.30      4.24    2277.8      4.30     4.24
"log1p"                 2.90      2.86       0.0      2.90     2.86
"!="                    2.56      2.52    1813.2      2.56     2.52
"sum"                   2.26      2.23    2316.5      2.26     2.23
"<="                    0.86      0.85    1034.5      0.86     0.85
"+"                     0.46      0.45     316.3      0.46     0.45
"%*%"                   0.04      0.04      27.2      0.04     0.04
"diag<-"                0.04      0.04      51.9      0.04     0.04
"standardGeneric"       0.04      0.04      51.9      0.00     0.00
"("                     0.02      0.02      20.3      0.02     0.02
"length"                0.02      0.02       9.2      0.02     0.02
"lengths"               0.02      0.02       8.1      0.02     0.02
"simplify2array"        0.02      0.02       8.1      0.00     0.00
"unique"                0.02      0.02       8.1      0.00     0.00

$sample.interval
[1] 0.02

$sampling.time
[1] 101.48

