[1] 10
[1] 20
[1] 30
[1] 40
[1] 50
[1] 60
[1] 70
[1] 80
[1] 90
[1] 100
[1] 110
[1] 120
[1] 130
[1] 140
[1] 150
[1] 160
[1] 170
[1] 180
[1] 190
[1] 200
[1] 210
[1] 220
[1] 230
[1] 240
[1] 250
[1] 260
[1] 270
[1] 280
[1] 290
[1] 300
[1] 310
[1] 320
[1] 330
[1] 340
[1] 350
[1] 360
[1] 370
[1] 380
[1] 390
[1] 400
[1] 410
[1] 420
[1] 430
[1] 440
[1] 450
[1] 460
[1] 470
[1] 480
[1] 490
[1] 500
[1] 510
[1] 520
[1] 530
[1] 540
[1] 550
[1] 560
[1] 570
[1] 580
[1] 590
[1] 600
[1] 610
[1] 620
[1] 630
[1] 640
[1] 650
[1] 660
[1] 670
[1] 680
[1] 690
[1] 700
[1] 710
[1] 720
[1] 730
[1] 740
[1] 750
[1] 760
[1] 770
[1] 780
[1] 790
[1] 800
[1] 810
[1] 820
[1] 830
[1] 840
[1] 850
[1] 860
[1] 870
[1] 880
[1] 890
[1] 900
[1] 910
[1] 920
[1] 930
[1] 940
[1] 950
[1] 960
[1] 970
[1] 980
[1] 990
[1] 1000
[1] 1010
[1] 1020
[1] 1030
[1] 1040
[1] 1050
[1] 1060
[1] 1070
[1] 1080
[1] 1090
[1] 1100
[1] 1110
[1] 1120
[1] 1130
[1] 1140
[1] 1150
[1] 1160
[1] 1170
[1] 1180
[1] 1190
[1] 1200
[1] 1210
[1] 1220
[1] 1230
[1] 1240
[1] 1250
[1] 1260
[1] 1270
[1] 1280
[1] 1290
[1] 1300
[1] 1310
[1] 1320
[1] 1330
[1] 1340
[1] 1350
[1] 1360
[1] 1370
[1] 1380
[1] 1390
[1] 1400
[1] 1410
[1] 1420
[1] 1430
[1] 1440
[1] 1450
[1] 1460
[1] 1470
[1] 1480
[1] 1490
[1] 1500
[1] 1510
[1] 1520
[1] 1530
[1] 1540
[1] 1550
[1] 1560
[1] 1570
[1] 1580
[1] 1590
[1] 1600
[1] 1610
[1] 1620
[1] 1630
[1] 1640
[1] 1650
[1] 1660
[1] 1670
[1] 1680
[1] 1690
[1] 1700
[1] 1710
[1] 1720
[1] 1730
[1] 1740
[1] 1750
[1] 1760
[1] 1770
[1] 1780
[1] 1790
[1] 1800
[1] 1810
[1] 1820
[1] 1830
[1] 1840
[1] 1850
[1] 1860
[1] 1870
[1] 1880
[1] 1890
[1] 1900
[1] 1910
[1] 1920
[1] 1930
[1] 1940
[1] 1950
[1] 1960
[1] 1970
[1] 1980
[1] 1990
[1] 2000
[1] 2010
[1] 2020
[1] 2030
[1] 2040
[1] 2050
[1] 2060
[1] 2070
[1] 2080
[1] 2090
[1] 2100
[1] 2110
[1] 2120
[1] 2130
[1] 2140
[1] 2150
[1] 2160
[1] 2170
[1] 2180
[1] 2190
[1] 2200
[1] 2210
[1] 2220
[1] 2230
[1] 2240
[1] 2250
[1] 2260
[1] 2270
[1] 2280
[1] 2290
[1] 2300
[1] 2310
[1] 2320
[1] 2330
[1] 2340
[1] 2350
[1] 2360
[1] 2370
[1] 2380
[1] 2390
[1] 2400
[1] 2410
[1] 2420
[1] 2430
[1] 2440
[1] 2450
[1] 2460
[1] 2470
[1] 2480
[1] 2490
[1] 2500
[1] 2510
[1] 2520
[1] 2530
[1] 2540
[1] 2550
[1] 2560
[1] 2570
[1] 2580
[1] 2590
[1] 2600
[1] 2610
[1] 2620
[1] 2630
[1] 2640
[1] 2650
[1] 2660
[1] 2670
[1] 2680
[1] 2690
[1] 2700
[1] 2710
[1] 2720
[1] 2730
[1] 2740
[1] 2750
[1] 2760
[1] 2770
[1] 2780
[1] 2790
[1] 2800
[1] 2810
[1] 2820
[1] 2830
[1] 2840
[1] 2850
[1] 2860
[1] 2870
[1] 2880
[1] 2890
[1] 2900
[1] 2910
[1] 2920
[1] 2930
[1] 2940
[1] 2950
[1] 2960
[1] 2970
[1] 2980
[1] 2990
[1] 3000
[1] 3010
[1] 3020
[1] 3030
[1] 3040
[1] 3050
[1] 3060
[1] 3070
[1] 3080
[1] 3090
[1] 3100
[1] 3110
[1] 3120
[1] 3130
[1] 3140
[1] 3150
[1] 3160
[1] 3170
[1] 3180
[1] 3190
[1] 3200
[1] 3210
[1] 3220
[1] 3230
[1] 3240
[1] 3250
[1] 3260
[1] 3270
[1] 3280
[1] 3290
[1] 3300
[1] 3310
[1] 3320
[1] 3330
[1] 3340
[1] 3350
[1] 3360
[1] 3370
[1] 3380
[1] 3390
[1] 3400
[1] 3410
[1] 3420
[1] 3430
[1] 3440
[1] 3450
[1] 3460
[1] 3470
[1] 3480
[1] 3490
[1] 3500
[1] 3510
[1] 3520
[1] 3530
[1] 3540
[1] 3550
[1] 3560
[1] 3570
[1] 3580
[1] 3590
[1] 3600
[1] 3610
[1] 3620
[1] 3630
[1] 3640
[1] 3650
[1] 3660
[1] 3670
[1] 3680
[1] 3690
[1] 3700
[1] 3710
[1] 3720
[1] 3730
[1] 3740
[1] 3750
[1] 3760
[1] 3770
[1] 3780
[1] 3790
[1] 3800
[1] 3810
[1] 3820
[1] 3830
[1] 3840
[1] 3850
[1] 3860
[1] 3870
[1] 3880
[1] 3890
[1] 3900
[1] 3910
[1] 3920
[1] 3930
[1] 3940
[1] 3950
[1] 3960
[1] 3970
[1] 3980
[1] 3990
[1] 4000
[1] 4010
[1] 4020
[1] 4030
[1] 4040
[1] 4050
[1] 4060
[1] 4070
[1] 4080
[1] 4090
[1] 4100
[1] 4110
[1] 4120
[1] 4130
[1] 4140
[1] 4150
[1] 4160
[1] 4170
[1] 4180
[1] 4190
[1] 4200
[1] 4210
[1] 4220
[1] 4230
[1] 4240
[1] 4250
[1] 4260
[1] 4270
[1] 4280
[1] 4290
[1] 4300
[1] 4310
[1] 4320
[1] 4330
[1] 4340
[1] 4350
[1] 4360
[1] 4370
[1] 4380
[1] 4390
[1] 4400
[1] 4410
[1] 4420
[1] 4430
[1] 4440
[1] 4450
[1] 4460
[1] 4470
[1] 4480
[1] 4490
[1] 4500
[1] 4510
[1] 4520
[1] 4530
[1] 4540
[1] 4550
[1] 4560
[1] 4570
[1] 4580
[1] 4590
[1] 4600
[1] 4610
[1] 4620
[1] 4630
[1] 4640
[1] "Converged after 4640 steps."
$by.self
                  self.time self.pct total.time total.pct mem.total
"unlist"             852.54    29.45     854.90     29.53  594089.1
"exp"                344.26    11.89     344.26     11.89  178898.2
"-"                  308.40    10.65     308.40     10.65  141693.7
"^"                  190.38     6.58     190.38      6.58   91064.0
"log1p.exp.vec"      189.60     6.55     493.62     17.05  219763.4
"*"                  162.90     5.63     162.90      5.63   76983.0
"g_fun"              136.64     4.72     748.44     25.86  386336.9
"/"                  134.42     4.64     134.42      4.64   85702.4
"VI_step_ss"         105.60     3.65    2893.80     99.97 1666924.9
"FUN"                103.46     3.57    2894.72    100.00 1667175.0
"log1p"               91.92     3.18      91.92      3.18       0.2
"sum"                 82.60     2.85      82.60      2.85   54109.1
"!="                  64.98     2.24      64.98      2.24   41682.7
"g_fun.vec"           44.28     1.53     541.90     18.72  206525.5
"<="                  33.34     1.15      33.34      1.15   31983.6
"ELBO.fun_ss"         17.06     0.59    1581.80     54.64  770408.2
"+"                   15.18     0.52      15.18      0.52    9696.3
"lapply"               5.60     0.19    2894.72    100.00 1667175.0
"diag<-"               4.82     0.17       4.92      0.17    4037.3
"%*%"                  2.40     0.08       2.40      0.08    1972.3
"("                    1.74     0.06       1.74      0.06    1240.7
"lengths"              0.46     0.02       0.46      0.02     296.5
"length"               0.42     0.01       0.42      0.01     335.4
"unique"               0.22     0.01       0.94      0.03     579.0
"=="                   0.22     0.01       0.22      0.01     156.0
"unique.default"       0.20     0.01       0.26      0.01     126.2
"t"                    0.18     0.01       0.26      0.01     143.0
"standardGeneric"      0.16     0.01       5.26      0.18    4211.7
"VI_binary_ss"         0.14     0.00    2894.72    100.00 1667175.0
"sapply"               0.08     0.00     424.52     14.67  286335.6
"numeric"              0.08     0.00       0.08      0.00      22.9
"loglogit"             0.06     0.00     558.52     19.29  260347.2
"isFALSE"              0.06     0.00       0.08      0.00      23.5
"is.factor"            0.06     0.00       0.06      0.00      33.8
"simplify2array"       0.04     0.00       0.98      0.03     604.9
"match.fun"            0.04     0.00       0.04      0.00      15.5
"print.default"        0.04     0.00       0.04      0.00      15.7
"print"                0.02     0.00       0.08      0.00      31.4
":"                    0.02     0.00       0.02      0.00       0.0
"abs"                  0.02     0.00       0.02      0.00       7.8
"cbind"                0.02     0.00       0.02      0.00      19.0
"is.na"                0.02     0.00       0.02      0.00       7.8
"list"                 0.02     0.00       0.02      0.00       7.8
"t.default"            0.02     0.00       0.02      0.00      14.4

$by.total
                  total.time total.pct mem.total self.time self.pct
"FUN"                2894.72    100.00 1667175.0    103.46     3.57
"lapply"             2894.72    100.00 1667175.0      5.60     0.19
"VI_binary_ss"       2894.72    100.00 1667175.0      0.14     0.00
"%dopar%"            2894.72    100.00 1667175.0      0.00     0.00
"doTryCatch"         2894.72    100.00 1667175.0      0.00     0.00
"e$fun"              2894.72    100.00 1667175.0      0.00     0.00
"eval"               2894.72    100.00 1667175.0      0.00     0.00
"mclapply"           2894.72    100.00 1667175.0      0.00     0.00
"sendMaster"         2894.72    100.00 1667175.0      0.00     0.00
"try"                2894.72    100.00 1667175.0      0.00     0.00
"tryCatch"           2894.72    100.00 1667175.0      0.00     0.00
"tryCatchList"       2894.72    100.00 1667175.0      0.00     0.00
"tryCatchOne"        2894.72    100.00 1667175.0      0.00     0.00
"VI_step_ss"         2893.80     99.97 1666924.9    105.60     3.65
"ELBO.fun_ss"        1581.80     54.64  770408.2     17.06     0.59
"unlist"              854.90     29.53  594089.1    852.54    29.45
"g_fun"               748.44     25.86  386336.9    136.64     4.72
"loglogit"            558.52     19.29  260347.2      0.06     0.00
"g_fun.vec"           541.90     18.72  206525.5     44.28     1.53
"log1p.exp.vec"       493.62     17.05  219763.4    189.60     6.55
"sapply"              424.52     14.67  286335.6      0.08     0.00
"exp"                 344.26     11.89  178898.2    344.26    11.89
"-"                   308.40     10.65  141693.7    308.40    10.65
"^"                   190.38      6.58   91064.0    190.38     6.58
"*"                   162.90      5.63   76983.0    162.90     5.63
"/"                   134.42      4.64   85702.4    134.42     4.64
"log1p"                91.92      3.18       0.2     91.92     3.18
"sum"                  82.60      2.85   54109.1     82.60     2.85
"!="                   64.98      2.24   41682.7     64.98     2.24
"<="                   33.34      1.15   31983.6     33.34     1.15
"+"                    15.18      0.52    9696.3     15.18     0.52
"standardGeneric"       5.26      0.18    4211.7      0.16     0.01
"diag<-"                4.92      0.17    4037.3      4.82     0.17
"%*%"                   2.40      0.08    1972.3      2.40     0.08
"("                     1.74      0.06    1240.7      1.74     0.06
"simplify2array"        0.98      0.03     604.9      0.04     0.00
"unique"                0.94      0.03     579.0      0.22     0.01
"lengths"               0.46      0.02     296.5      0.46     0.02
"length"                0.42      0.01     335.4      0.42     0.01
"unique.default"        0.26      0.01     126.2      0.20     0.01
"t"                     0.26      0.01     143.0      0.18     0.01
"=="                    0.22      0.01     156.0      0.22     0.01
"numeric"               0.08      0.00      22.9      0.08     0.00
"isFALSE"               0.08      0.00      23.5      0.06     0.00
"print"                 0.08      0.00      31.4      0.02     0.00
"is.factor"             0.06      0.00      33.8      0.06     0.00
"match.fun"             0.04      0.00      15.5      0.04     0.00
"print.default"         0.04      0.00      15.7      0.04     0.00
":"                     0.02      0.00       0.0      0.02     0.00
"abs"                   0.02      0.00       7.8      0.02     0.00
"cbind"                 0.02      0.00      19.0      0.02     0.00
"is.na"                 0.02      0.00       7.8      0.02     0.00
"list"                  0.02      0.00       7.8      0.02     0.00
"t.default"             0.02      0.00      14.4      0.02     0.00

$sample.interval
[1] 0.02

$sampling.time
[1] 2894.72

