[1] 10
[1] 20
[1] 30
[1] 40
[1] 50
[1] 60
[1] 70
[1] 80
[1] 90
[1] 100
[1] 110
[1] 120
[1] 130
[1] 140
[1] 150
[1] 160
[1] 170
[1] 180
[1] 190
[1] 200
[1] 210
[1] 220
[1] 230
[1] 240
[1] 250
[1] 260
[1] 270
[1] 280
[1] 290
[1] 300
[1] 310
[1] 320
[1] 330
[1] 340
[1] 350
[1] 360
[1] 370
[1] 380
[1] 390
[1] 400
[1] 410
[1] 420
[1] 430
[1] 440
[1] 450
[1] 460
[1] 470
[1] 480
[1] 490
[1] 500
[1] 510
[1] 520
[1] 530
[1] 540
[1] 550
[1] 560
[1] 570
[1] 580
[1] 590
[1] 600
[1] 610
[1] 620
[1] 630
[1] 640
[1] 650
[1] 660
[1] 670
[1] 680
[1] 690
[1] 700
[1] 710
[1] 720
[1] 730
[1] 740
[1] 750
[1] 760
[1] 770
[1] 780
[1] 790
[1] 800
[1] 810
[1] 820
[1] 830
[1] 840
[1] 850
[1] 860
[1] 870
[1] 880
[1] 890
[1] 900
[1] 910
[1] 920
[1] 930
[1] 940
[1] 950
[1] 960
[1] 970
[1] 980
[1] 990
[1] 1000
[1] 1010
[1] 1020
[1] 1030
[1] 1040
[1] 1050
[1] 1060
[1] 1070
[1] 1080
[1] 1090
[1] 1100
[1] 1110
[1] 1120
[1] 1130
[1] 1140
[1] 1150
[1] 1160
[1] 1170
[1] 1180
[1] 1190
[1] 1200
[1] 1210
[1] 1220
[1] 1230
[1] 1240
[1] 1250
[1] 1260
[1] 1270
[1] 1280
[1] 1290
[1] 1300
[1] 1310
[1] 1320
[1] 1330
[1] 1340
[1] 1350
[1] 1360
[1] 1370
[1] 1380
[1] 1390
[1] 1400
[1] 1410
[1] 1420
[1] 1430
[1] 1440
[1] 1450
[1] 1460
[1] 1470
[1] 1480
[1] 1490
[1] 1500
[1] 1510
[1] 1520
[1] 1530
[1] 1540
[1] 1550
[1] 1560
[1] 1570
[1] 1580
[1] 1590
[1] 1600
[1] 1610
[1] 1620
[1] 1630
[1] 1640
[1] 1650
[1] 1660
[1] 1670
[1] 1680
[1] 1690
[1] 1700
[1] 1710
[1] 1720
[1] 1730
[1] 1740
[1] 1750
[1] 1760
[1] 1770
[1] 1780
[1] 1790
[1] 1800
[1] 1810
[1] 1820
[1] 1830
[1] 1840
[1] 1850
[1] 1860
[1] 1870
[1] 1880
[1] 1890
[1] 1900
[1] 1910
[1] 1920
[1] 1930
[1] 1940
[1] 1950
[1] 1960
[1] 1970
[1] 1980
[1] 1990
[1] 2000
[1] 2010
[1] 2020
[1] 2030
[1] 2040
[1] 2050
[1] 2060
[1] 2070
[1] 2080
[1] 2090
[1] 2100
[1] 2110
[1] 2120
[1] 2130
[1] 2140
[1] 2150
[1] 2160
[1] 2170
[1] 2180
[1] 2190
[1] 2200
[1] 2210
[1] 2220
[1] 2230
[1] 2240
[1] 2250
[1] 2260
[1] 2270
[1] 2280
[1] 2290
[1] 2300
[1] 2310
[1] 2320
[1] 2330
[1] 2340
[1] 2350
[1] 2360
[1] 2370
[1] 2380
[1] 2390
[1] 2400
[1] 2410
[1] 2420
[1] 2430
[1] 2440
[1] 2450
[1] 2460
[1] 2470
[1] 2480
[1] 2490
[1] 2500
[1] 2510
[1] 2520
[1] 2530
[1] 2540
[1] 2550
[1] 2560
[1] 2570
[1] 2580
[1] 2590
[1] 2600
[1] 2610
[1] 2620
[1] 2630
[1] 2640
[1] 2650
[1] 2660
[1] 2670
[1] 2680
[1] 2690
[1] 2700
[1] 2710
[1] 2720
[1] 2730
[1] 2740
[1] 2750
[1] 2760
[1] 2770
[1] 2780
[1] 2790
[1] 2800
[1] 2810
[1] 2820
[1] 2830
[1] 2840
[1] 2850
[1] 2860
[1] 2870
[1] 2880
[1] 2890
[1] 2900
[1] 2910
[1] 2920
[1] 2930
[1] 2940
[1] 2950
[1] 2960
[1] 2970
[1] "Converged after 2978 steps."
$by.self
                  self.time self.pct total.time total.pct mem.total
"unlist"            2175.38    21.83    2178.58     21.86  352953.6
"^"                 1237.04    12.41    1237.04     12.41  199870.4
"exp"               1015.50    10.19    1015.50     10.19  242491.6
"-"                  727.38     7.30     727.38      7.30  156166.8
"FUN"                727.28     7.30    9967.20    100.00 2218416.7
"g_fun"              722.56     7.25    2362.28     23.70  482821.7
"log1p.exp.vec"      720.96     7.23    1716.12     17.22  310820.0
"*"                  541.50     5.43     541.50      5.43  199565.3
"g_fun.vec"          476.78     4.78    1968.20     19.75  369862.5
"/"                  366.84     3.68     366.84      3.68  173800.5
"!="                 336.36     3.37     336.36      3.37  119610.4
"log1p"              275.34     2.76     275.34      2.76       0.2
"sum"                226.04     2.27     226.04      2.27  174733.8
"<="                 186.88     1.87     186.88      1.87   53528.0
"VI_step_ss"         141.80     1.42    9963.14     99.96 2217993.6
"+"                   39.44     0.40      39.44      0.40   18827.9
"ELBO.fun_ss"         21.84     0.22    5287.50     53.05 1080438.4
"diag<-"              10.86     0.11      10.96      0.11    2434.8
"lapply"               7.48     0.08    9967.20    100.00 2218416.7
"%*%"                  4.56     0.05       4.56      0.05    2049.8
"("                    1.94     0.02       1.94      0.02    1355.3
"lengths"              0.82     0.01       0.82      0.01     440.3
"length"               0.66     0.01       0.66      0.01     265.5
"numeric"              0.40     0.00       0.40      0.00     173.3
"=="                   0.32     0.00       0.32      0.00     136.5
"unique.default"       0.26     0.00       0.30      0.00     176.3
"sapply"               0.22     0.00    1941.72     19.48  413693.8
"unique"               0.18     0.00       1.30      0.01     700.4
"VI_binary_ss"         0.12     0.00    9967.20    100.00 2218416.7
"standardGeneric"      0.06     0.00      11.06      0.11    2490.5
"cbind"                0.06     0.00       0.06      0.00      50.1
"list"                 0.06     0.00       0.06      0.00      27.0
"isFALSE"              0.04     0.00       0.08      0.00      35.1
"t"                    0.04     0.00       0.08      0.00      61.9
"is.factor"            0.04     0.00       0.04      0.00      15.6
"simplify2array"       0.02     0.00       1.32      0.01     718.9
"&"                    0.02     0.00       0.02      0.00       7.4
":"                    0.02     0.00       0.02      0.00       0.0
"is.na"                0.02     0.00       0.02      0.00       7.4
"match.fun"            0.02     0.00       0.02      0.00       7.4
"mean"                 0.02     0.00       0.02      0.00       7.4
"print.default"        0.02     0.00       0.02      0.00       7.4
"t.default"            0.02     0.00       0.02      0.00      16.0

$by.total
                  total.time total.pct mem.total self.time self.pct
"FUN"                9967.20    100.00 2218416.7    727.28     7.30
"lapply"             9967.20    100.00 2218416.7      7.48     0.08
"VI_binary_ss"       9967.20    100.00 2218416.7      0.12     0.00
"%dopar%"            9967.20    100.00 2218416.7      0.00     0.00
"doTryCatch"         9967.20    100.00 2218416.7      0.00     0.00
"e$fun"              9967.20    100.00 2218416.7      0.00     0.00
"eval"               9967.20    100.00 2218416.7      0.00     0.00
"mclapply"           9967.20    100.00 2218416.7      0.00     0.00
"sendMaster"         9967.20    100.00 2218416.7      0.00     0.00
"try"                9967.20    100.00 2218416.7      0.00     0.00
"tryCatch"           9967.20    100.00 2218416.7      0.00     0.00
"tryCatchList"       9967.20    100.00 2218416.7      0.00     0.00
"tryCatchOne"        9967.20    100.00 2218416.7      0.00     0.00
"VI_step_ss"         9963.14     99.96 2217993.6    141.80     1.42
"ELBO.fun_ss"        5287.50     53.05 1080438.4     21.84     0.22
"g_fun"              2362.28     23.70  482821.7    722.56     7.25
"unlist"             2178.58     21.86  352953.6   2175.38    21.83
"g_fun.vec"          1968.20     19.75  369862.5    476.78     4.78
"sapply"             1941.72     19.48  413693.8      0.22     0.00
"loglogit"           1891.92     18.98  347307.7      0.00     0.00
"log1p.exp.vec"      1716.12     17.22  310820.0    720.96     7.23
"^"                  1237.04     12.41  199870.4   1237.04    12.41
"exp"                1015.50     10.19  242491.6   1015.50    10.19
"-"                   727.38      7.30  156166.8    727.38     7.30
"*"                   541.50      5.43  199565.3    541.50     5.43
"/"                   366.84      3.68  173800.5    366.84     3.68
"!="                  336.36      3.37  119610.4    336.36     3.37
"log1p"               275.34      2.76       0.2    275.34     2.76
"sum"                 226.04      2.27  174733.8    226.04     2.27
"<="                  186.88      1.87   53528.0    186.88     1.87
"+"                    39.44      0.40   18827.9     39.44     0.40
"standardGeneric"      11.06      0.11    2490.5      0.06     0.00
"diag<-"               10.96      0.11    2434.8     10.86     0.11
"%*%"                   4.56      0.05    2049.8      4.56     0.05
"("                     1.94      0.02    1355.3      1.94     0.02
"simplify2array"        1.32      0.01     718.9      0.02     0.00
"unique"                1.30      0.01     700.4      0.18     0.00
"lengths"               0.82      0.01     440.3      0.82     0.01
"length"                0.66      0.01     265.5      0.66     0.01
"numeric"               0.40      0.00     173.3      0.40     0.00
"=="                    0.32      0.00     136.5      0.32     0.00
"unique.default"        0.30      0.00     176.3      0.26     0.00
"isFALSE"               0.08      0.00      35.1      0.04     0.00
"t"                     0.08      0.00      61.9      0.04     0.00
"cbind"                 0.06      0.00      50.1      0.06     0.00
"list"                  0.06      0.00      27.0      0.06     0.00
"is.factor"             0.04      0.00      15.6      0.04     0.00
"&"                     0.02      0.00       7.4      0.02     0.00
":"                     0.02      0.00       0.0      0.02     0.00
"is.na"                 0.02      0.00       7.4      0.02     0.00
"match.fun"             0.02      0.00       7.4      0.02     0.00
"mean"                  0.02      0.00       7.4      0.02     0.00
"print.default"         0.02      0.00       7.4      0.02     0.00
"t.default"             0.02      0.00      16.0      0.02     0.00
"print"                 0.02      0.00       7.4      0.00     0.00

$sample.interval
[1] 0.02

$sampling.time
[1] 9967.2

