[1] 10
[1] 20
[1] 30
[1] 40
[1] 50
[1] 60
[1] 70
[1] 80
[1] 90
[1] 100
[1] 110
[1] 120
[1] 130
[1] 140
[1] 150
[1] 160
[1] 170
[1] 180
[1] 190
[1] 200
[1] 210
[1] 220
[1] 230
[1] 240
[1] 250
[1] 260
[1] 270
[1] 280
[1] 290
[1] 300
[1] 310
[1] 320
[1] 330
[1] 340
[1] 350
[1] 360
[1] 370
[1] 380
[1] 390
[1] 400
[1] 410
[1] 420
[1] 430
[1] 440
[1] 450
[1] 460
[1] 470
[1] 480
[1] 490
[1] 500
[1] 510
[1] 520
[1] 530
[1] 540
[1] 550
[1] 560
[1] 570
[1] 580
[1] 590
[1] 600
[1] 610
[1] 620
[1] 630
[1] 640
[1] 650
[1] 660
[1] 670
[1] 680
[1] 690
[1] 700
[1] 710
[1] 720
[1] 730
[1] 740
[1] 750
[1] 760
[1] 770
[1] 780
[1] 790
[1] 800
[1] 810
[1] 820
[1] 830
[1] 840
[1] 850
[1] 860
[1] 870
[1] 880
[1] 890
[1] 900
[1] 910
[1] 920
[1] 930
[1] 940
[1] 950
[1] 960
[1] 970
[1] 980
[1] 990
[1] 1000
[1] 1010
[1] 1020
[1] 1030
[1] 1040
[1] 1050
[1] 1060
[1] 1070
[1] 1080
[1] 1090
[1] 1100
[1] 1110
[1] 1120
[1] 1130
[1] 1140
[1] 1150
[1] 1160
[1] 1170
[1] 1180
[1] 1190
[1] 1200
[1] 1210
[1] 1220
[1] 1230
[1] 1240
[1] 1250
[1] 1260
[1] 1270
[1] 1280
[1] 1290
[1] 1300
[1] 1310
[1] 1320
[1] 1330
[1] 1340
[1] 1350
[1] 1360
[1] 1370
[1] 1380
[1] 1390
[1] 1400
[1] 1410
[1] 1420
[1] 1430
[1] 1440
[1] 1450
[1] 1460
[1] 1470
[1] 1480
[1] 1490
[1] 1500
[1] 1510
[1] 1520
[1] 1530
[1] 1540
[1] 1550
[1] 1560
[1] 1570
[1] 1580
[1] 1590
[1] 1600
[1] 1610
[1] 1620
[1] 1630
[1] 1640
[1] 1650
[1] 1660
[1] 1670
[1] 1680
[1] 1690
[1] 1700
[1] 1710
[1] 1720
[1] 1730
[1] 1740
[1] 1750
[1] 1760
[1] 1770
[1] 1780
[1] 1790
[1] 1800
[1] 1810
[1] 1820
[1] 1830
[1] 1840
[1] 1850
[1] 1860
[1] 1870
[1] 1880
[1] 1890
[1] 1900
[1] 1910
[1] 1920
[1] 1930
[1] 1940
[1] 1950
[1] 1960
[1] 1970
[1] 1980
[1] 1990
[1] 2000
[1] 2010
[1] 2020
[1] 2030
[1] 2040
[1] 2050
[1] "Converged after 2059 steps."
$by.self
                  self.time self.pct total.time total.pct mem.total
"unlist"             408.22    30.04     409.24     30.11  268763.4
"exp"                163.52    12.03     163.52     12.03   82219.3
"^"                  129.82     9.55     129.82      9.55   37821.7
"-"                  107.18     7.89     107.18      7.89   53037.7
"FUN"                 85.76     6.31    1359.00    100.00  728887.3
"g_fun"               83.10     6.11     302.60     22.27  169373.6
"/"                   61.22     4.50      61.22      4.50   28466.7
"*"                   54.48     4.01      54.48      4.01   34334.0
"log1p.exp.vec"       49.52     3.64     178.90     13.16  102631.0
"VI_step_ss"          47.14     3.47    1358.16     99.94  728670.2
"log1p"               42.88     3.16      42.88      3.16       0.1
"sum"                 40.30     2.97      40.30      2.97   24253.8
"!="                  32.66     2.40      32.66      2.40   20708.3
"g_fun.vec"           16.60     1.22     204.92     15.08   95134.8
"<="                  13.38     0.98      13.38      0.98   13271.3
"ELBO.fun_ss"          7.94     0.58     702.92     51.72  332032.3
"+"                    6.46     0.48       6.46      0.48    2943.4
"%*%"                  3.16     0.23       3.16      0.23    1969.4
"lapply"               2.18     0.16    1359.00    100.00  728887.3
"diag<-"               1.66     0.12       1.68      0.12    1340.2
"("                    0.52     0.04       0.52      0.04     314.6
"length"               0.26     0.02       0.26      0.02     184.1
"lengths"              0.24     0.02       0.24      0.02     108.4
"=="                   0.14     0.01       0.14      0.01      61.2
"unique.default"       0.12     0.01       0.12      0.01      65.1
"sapply"               0.10     0.01     234.70     17.27  122227.6
"VI_binary_ss"         0.06     0.00    1359.00    100.00  728887.3
"standardGeneric"      0.06     0.00       1.86      0.14    1436.7
"unique"               0.06     0.00       0.42      0.03     204.6
"t"                    0.06     0.00       0.14      0.01      80.6
":"                    0.04     0.00       0.04      0.00      30.6
"%%"                   0.02     0.00       0.02      0.00       7.9
"@<-"                  0.02     0.00       0.02      0.00       8.0
"dim"                  0.02     0.00       0.02      0.00      18.0
"isFALSE"              0.02     0.00       0.02      0.00       7.8
"match.fun"            0.02     0.00       0.02      0.00       7.7
"numeric"              0.02     0.00       0.02      0.00       7.6
"print.default"        0.02     0.00       0.02      0.00       7.9
"t.default"            0.02     0.00       0.02      0.00       0.0

$by.total
                        total.time total.pct mem.total self.time self.pct
"FUN"                      1359.00    100.00  728887.3     85.76     6.31
"lapply"                   1359.00    100.00  728887.3      2.18     0.16
"VI_binary_ss"             1359.00    100.00  728887.3      0.06     0.00
"%dopar%"                  1359.00    100.00  728887.3      0.00     0.00
"doTryCatch"               1359.00    100.00  728887.3      0.00     0.00
"e$fun"                    1359.00    100.00  728887.3      0.00     0.00
"eval"                     1359.00    100.00  728887.3      0.00     0.00
"mclapply"                 1359.00    100.00  728887.3      0.00     0.00
"sendMaster"               1359.00    100.00  728887.3      0.00     0.00
"try"                      1359.00    100.00  728887.3      0.00     0.00
"tryCatch"                 1359.00    100.00  728887.3      0.00     0.00
"tryCatchList"             1359.00    100.00  728887.3      0.00     0.00
"tryCatchOne"              1359.00    100.00  728887.3      0.00     0.00
"VI_step_ss"               1358.16     99.94  728670.2     47.14     3.47
"ELBO.fun_ss"               702.92     51.72  332032.3      7.94     0.58
"unlist"                    409.24     30.11  268763.4    408.22    30.04
"g_fun"                     302.60     22.27  169373.6     83.10     6.11
"sapply"                    234.70     17.27  122227.6      0.10     0.01
"loglogit"                  233.86     17.21  118603.7      0.00     0.00
"g_fun.vec"                 204.92     15.08   95134.8     16.60     1.22
"log1p.exp.vec"             178.90     13.16  102631.0     49.52     3.64
"exp"                       163.52     12.03   82219.3    163.52    12.03
"^"                         129.82      9.55   37821.7    129.82     9.55
"-"                         107.18      7.89   53037.7    107.18     7.89
"/"                          61.22      4.50   28466.7     61.22     4.50
"*"                          54.48      4.01   34334.0     54.48     4.01
"log1p"                      42.88      3.16       0.1     42.88     3.16
"sum"                        40.30      2.97   24253.8     40.30     2.97
"!="                         32.66      2.40   20708.3     32.66     2.40
"<="                         13.38      0.98   13271.3     13.38     0.98
"+"                           6.46      0.48    2943.4      6.46     0.48
"%*%"                         3.16      0.23    1969.4      3.16     0.23
"standardGeneric"             1.86      0.14    1436.7      0.06     0.00
"diag<-"                      1.68      0.12    1340.2      1.66     0.12
"("                           0.52      0.04     314.6      0.52     0.04
"unique"                      0.42      0.03     204.6      0.06     0.00
"simplify2array"              0.42      0.03     204.6      0.00     0.00
"length"                      0.26      0.02     184.1      0.26     0.02
"lengths"                     0.24      0.02     108.4      0.24     0.02
"=="                          0.14      0.01      61.2      0.14     0.01
"t"                           0.14      0.01      80.6      0.06     0.00
"unique.default"              0.12      0.01      65.1      0.12     0.01
":"                           0.04      0.00      30.6      0.04     0.00
"print"                       0.04      0.00      15.9      0.00     0.00
"%%"                          0.02      0.00       7.9      0.02     0.00
"@<-"                         0.02      0.00       8.0      0.02     0.00
"dim"                         0.02      0.00      18.0      0.02     0.00
"isFALSE"                     0.02      0.00       7.8      0.02     0.00
"match.fun"                   0.02      0.00       7.7      0.02     0.00
"numeric"                     0.02      0.00       7.6      0.02     0.00
"print.default"               0.02      0.00       7.9      0.02     0.00
"t.default"                   0.02      0.00       0.0      0.02     0.00
".findInheritedMethods"       0.02      0.00       8.0      0.00     0.00
"<Anonymous>"                 0.02      0.00       8.0      0.00     0.00

$sample.interval
[1] 0.02

$sampling.time
[1] 1359

