[1] 10
[1] 20
[1] 30
[1] 40
[1] 50
[1] 60
[1] 70
[1] 80
[1] 90
[1] 100
[1] 110
[1] 120
[1] 130
[1] 140
[1] 150
[1] 160
[1] 170
[1] 180
[1] 190
[1] 200
[1] 210
[1] 220
[1] 230
[1] 240
[1] 250
[1] 260
[1] 270
[1] 280
[1] 290
[1] 300
[1] 310
[1] 320
[1] 330
[1] 340
[1] 350
[1] 360
[1] 370
[1] 380
[1] 390
[1] 400
[1] 410
[1] 420
[1] 430
[1] 440
[1] 450
[1] 460
[1] 470
[1] 480
[1] 490
[1] 500
[1] 510
[1] 520
[1] 530
[1] 540
[1] 550
[1] 560
[1] 570
[1] 580
[1] 590
[1] 600
[1] 610
[1] 620
[1] 630
[1] 640
[1] 650
[1] 660
[1] 670
[1] 680
[1] 690
[1] 700
[1] 710
[1] 720
[1] 730
[1] 740
[1] 750
[1] 760
[1] 770
[1] 780
[1] 790
[1] 800
[1] 810
[1] 820
[1] 830
[1] 840
[1] 850
[1] 860
[1] 870
[1] 880
[1] 890
[1] 900
[1] 910
[1] 920
[1] 930
[1] 940
[1] 950
[1] 960
[1] 970
[1] 980
[1] 990
[1] 1000
[1] 1010
[1] 1020
[1] 1030
[1] 1040
[1] 1050
[1] 1060
[1] 1070
[1] 1080
[1] 1090
[1] 1100
[1] 1110
[1] 1120
[1] 1130
[1] 1140
[1] 1150
[1] 1160
[1] 1170
[1] 1180
[1] 1190
[1] 1200
[1] 1210
[1] 1220
[1] 1230
[1] 1240
[1] 1250
[1] 1260
[1] 1270
[1] 1280
[1] 1290
[1] 1300
[1] 1310
[1] 1320
[1] 1330
[1] 1340
[1] 1350
[1] 1360
[1] 1370
[1] 1380
[1] 1390
[1] 1400
[1] 1410
[1] 1420
[1] 1430
[1] 1440
[1] 1450
[1] 1460
[1] 1470
[1] 1480
[1] 1490
[1] 1500
[1] 1510
[1] 1520
[1] 1530
[1] 1540
[1] 1550
[1] 1560
[1] 1570
[1] 1580
[1] 1590
[1] 1600
[1] 1610
[1] 1620
[1] 1630
[1] 1640
[1] 1650
[1] 1660
[1] 1670
[1] 1680
[1] 1690
[1] 1700
[1] 1710
[1] 1720
[1] 1730
[1] 1740
[1] 1750
[1] 1760
[1] 1770
[1] 1780
[1] 1790
[1] 1800
[1] 1810
[1] 1820
[1] 1830
[1] 1840
[1] 1850
[1] 1860
[1] 1870
[1] 1880
[1] 1890
[1] 1900
[1] 1910
[1] 1920
[1] 1930
[1] 1940
[1] 1950
[1] 1960
[1] 1970
[1] 1980
[1] 1990
[1] 2000
[1] 2010
[1] 2020
[1] 2030
[1] 2040
[1] 2050
[1] 2060
[1] 2070
[1] 2080
[1] 2090
[1] 2100
[1] 2110
[1] 2120
[1] 2130
[1] 2140
[1] 2150
[1] 2160
[1] 2170
[1] 2180
[1] 2190
[1] 2200
[1] 2210
[1] 2220
[1] 2230
[1] 2240
[1] 2250
[1] 2260
[1] 2270
[1] 2280
[1] 2290
[1] 2300
[1] 2310
[1] 2320
[1] 2330
[1] 2340
[1] 2350
[1] 2360
[1] 2370
[1] 2380
[1] 2390
[1] 2400
[1] 2410
[1] 2420
[1] 2430
[1] 2440
[1] 2450
[1] 2460
[1] 2470
[1] 2480
[1] 2490
[1] 2500
[1] 2510
[1] 2520
[1] 2530
[1] 2540
[1] 2550
[1] 2560
[1] 2570
[1] 2580
[1] 2590
[1] 2600
[1] 2610
[1] 2620
[1] 2630
[1] 2640
[1] 2650
[1] 2660
[1] 2670
[1] 2680
[1] 2690
[1] 2700
[1] 2710
[1] 2720
[1] 2730
[1] 2740
[1] 2750
[1] 2760
[1] 2770
[1] 2780
[1] 2790
[1] 2800
[1] 2810
[1] 2820
[1] 2830
[1] 2840
[1] 2850
[1] 2860
[1] 2870
[1] 2880
[1] 2890
[1] 2900
[1] 2910
[1] 2920
[1] 2930
[1] 2940
[1] 2950
[1] 2960
[1] 2970
[1] 2980
[1] 2990
[1] 3000
[1] 3010
[1] 3020
[1] 3030
[1] 3040
[1] 3050
[1] 3060
[1] 3070
[1] 3080
[1] 3090
[1] 3100
[1] 3110
[1] 3120
[1] 3130
[1] 3140
[1] 3150
[1] 3160
[1] 3170
[1] 3180
[1] 3190
[1] 3200
[1] 3210
[1] 3220
[1] 3230
[1] 3240
[1] 3250
[1] 3260
[1] 3270
[1] 3280
[1] 3290
[1] 3300
[1] 3310
[1] 3320
[1] 3330
[1] 3340
[1] 3350
[1] 3360
[1] 3370
[1] 3380
[1] 3390
[1] 3400
[1] 3410
[1] 3420
[1] 3430
[1] 3440
[1] 3450
[1] 3460
[1] 3470
[1] 3480
[1] 3490
[1] 3500
[1] 3510
[1] 3520
[1] 3530
[1] 3540
[1] 3550
[1] 3560
[1] 3570
[1] 3580
[1] 3590
[1] 3600
[1] 3610
[1] 3620
[1] 3630
[1] 3640
[1] 3650
[1] 3660
[1] 3670
[1] 3680
[1] 3690
[1] 3700
[1] 3710
[1] 3720
[1] 3730
[1] 3740
[1] 3750
[1] 3760
[1] 3770
[1] 3780
[1] 3790
[1] 3800
[1] 3810
[1] 3820
[1] 3830
[1] 3840
[1] 3850
[1] 3860
[1] 3870
[1] 3880
[1] 3890
[1] 3900
[1] 3910
[1] 3920
[1] 3930
[1] 3940
[1] 3950
[1] 3960
[1] 3970
[1] 3980
[1] 3990
[1] 4000
[1] 4010
[1] 4020
[1] 4030
[1] 4040
[1] 4050
[1] 4060
[1] 4070
[1] 4080
[1] 4090
[1] 4100
[1] 4110
[1] 4120
[1] 4130
[1] 4140
[1] 4150
[1] 4160
[1] 4170
[1] 4180
[1] 4190
[1] 4200
[1] 4210
[1] 4220
[1] 4230
[1] 4240
[1] 4250
[1] 4260
[1] 4270
[1] 4280
[1] 4290
[1] 4300
[1] 4310
[1] 4320
[1] 4330
[1] 4340
[1] 4350
[1] 4360
[1] 4370
[1] 4380
[1] 4390
[1] 4400
[1] 4410
[1] 4420
[1] 4430
[1] 4440
[1] 4450
[1] 4460
[1] 4470
[1] 4480
[1] 4490
[1] 4500
[1] 4510
[1] 4520
[1] 4530
[1] 4540
[1] 4550
[1] 4560
[1] 4570
[1] 4580
[1] 4590
[1] 4600
[1] 4610
[1] 4620
[1] 4630
[1] 4640
[1] 4650
[1] 4660
[1] 4670
[1] 4680
[1] 4690
[1] 4700
[1] 4710
[1] 4720
[1] 4730
[1] 4740
[1] 4750
[1] 4760
[1] 4770
[1] 4780
[1] 4790
[1] 4800
[1] 4810
[1] 4820
[1] 4830
[1] 4840
[1] 4850
[1] 4860
[1] 4870
[1] 4880
[1] 4890
[1] 4900
[1] 4910
[1] 4920
[1] 4930
[1] 4940
[1] 4950
[1] 4960
[1] 4970
[1] 4980
[1] 4990
[1] 5000
[1] 5010
[1] 5020
[1] 5030
[1] 5040
[1] 5050
[1] 5060
[1] 5070
[1] 5080
[1] 5090
[1] 5100
[1] 5110
[1] 5120
[1] 5130
[1] 5140
[1] 5150
[1] 5160
[1] 5170
[1] 5180
[1] 5190
[1] 5200
[1] 5210
[1] 5220
[1] 5230
[1] 5240
[1] 5250
[1] 5260
[1] 5270
[1] 5280
[1] 5290
[1] 5300
[1] 5310
[1] 5320
[1] 5330
[1] 5340
[1] 5350
[1] 5360
[1] 5370
[1] 5380
[1] 5390
[1] 5400
[1] 5410
[1] 5420
[1] 5430
[1] 5440
[1] 5450
[1] 5460
[1] 5470
[1] 5480
[1] 5490
[1] 5500
[1] 5510
[1] 5520
[1] 5530
[1] 5540
[1] 5550
[1] 5560
[1] 5570
[1] 5580
[1] 5590
[1] 5600
[1] 5610
[1] 5620
[1] 5630
[1] 5640
[1] 5650
[1] 5660
[1] 5670
[1] 5680
[1] 5690
[1] 5700
[1] 5710
[1] 5720
[1] 5730
[1] 5740
[1] 5750
[1] 5760
[1] 5770
[1] 5780
[1] 5790
[1] 5800
[1] 5810
[1] 5820
[1] 5830
[1] 5840
[1] 5850
[1] 5860
[1] 5870
[1] 5880
[1] 5890
[1] 5900
[1] 5910
[1] 5920
[1] 5930
[1] 5940
[1] 5950
[1] 5960
[1] 5970
[1] 5980
[1] 5990
[1] 6000
[1] 6010
[1] 6020
[1] 6030
[1] 6040
[1] 6050
[1] 6060
[1] 6070
[1] 6080
[1] 6090
[1] 6100
[1] 6110
[1] 6120
[1] 6130
[1] 6140
[1] 6150
[1] 6160
[1] 6170
[1] 6180
[1] 6190
[1] 6200
[1] 6210
[1] 6220
[1] 6230
[1] 6240
[1] 6250
[1] 6260
[1] 6270
[1] 6280
[1] 6290
[1] 6300
[1] 6310
[1] 6320
[1] 6330
[1] 6340
[1] 6350
[1] 6360
[1] 6370
[1] 6380
[1] 6390
[1] 6400
[1] 6410
[1] "Converged after 6410 steps."
$by.self
                  self.time self.pct total.time total.pct mem.total
"unlist"            1319.42    30.69    1322.64     30.77  851692.1
"exp"                497.20    11.57     497.20     11.57  244195.4
"-"                  464.30    10.80     464.30     10.80  208096.2
"FUN"                333.78     7.76    4298.80    100.00 2305948.0
"g_fun"              215.80     5.02     947.82     22.05  548617.7
"/"                  197.40     4.59     197.40      4.59  122511.6
"^"                  173.60     4.04     173.60      4.04  114933.2
"g_fun.vec"          160.02     3.72     727.42     16.92  291406.5
"*"                  155.18     3.61     155.18      3.61   87456.2
"log1p.exp.vec"      154.46     3.59     708.94     16.49  281701.8
"VI_step_ss"         151.26     3.52    4298.22     99.99 2305759.4
"log1p"              135.20     3.15     135.20      3.15       0.3
"sum"                125.50     2.92     125.50      2.92   77821.0
"!="                  91.72     2.13      91.72      2.13   58030.8
"<="                  49.44     1.15      49.44      1.15   39034.9
"ELBO.fun_ss"         25.14     0.58    2390.40     55.61 1036133.8
"+"                   23.88     0.56      23.88      0.56   12810.2
"lapply"               7.92     0.18    4298.80    100.00 2305948.0
"diag<-"               7.14     0.17       7.40      0.17    5779.4
"%*%"                  3.50     0.08       3.50      0.08    2765.5
"("                    2.64     0.06       2.64      0.06    1702.0
"length"               0.82     0.02       0.82      0.02     536.3
"lengths"              0.68     0.02       0.68      0.02     385.8
"unique"               0.40     0.01       1.48      0.03     781.4
"=="                   0.38     0.01       0.38      0.01     244.3
"unique.default"       0.34     0.01       0.40      0.01     226.5
"standardGeneric"      0.32     0.01       7.92      0.18    6088.6
"sapply"               0.20     0.00     813.78     18.93  395167.9
"cbind"                0.18     0.00       0.18      0.00     173.7
"t"                    0.16     0.00       0.38      0.01     254.3
"VI_binary_ss"         0.12     0.00    4298.80    100.00 2305948.0
"simplify2array"       0.10     0.00       1.58      0.04     848.6
"numeric"              0.10     0.00       0.10      0.00      22.9
"isFALSE"              0.08     0.00       0.14      0.00      77.4
"match.fun"            0.06     0.00       0.08      0.00      15.6
"is.factor"            0.06     0.00       0.06      0.00      32.8
"loglogit"             0.04     0.00     782.98     18.21  338510.3
":"                    0.04     0.00       0.04      0.00      18.7
"is.na"                0.04     0.00       0.04      0.00       4.7
"mean.default"         0.04     0.00       0.04      0.00      15.7
"mean"                 0.02     0.00       0.10      0.00      39.2
"print"                0.02     0.00       0.04      0.00      15.7
"&"                    0.02     0.00       0.02      0.00       7.8
"abs"                  0.02     0.00       0.02      0.00       0.0
"is.function"          0.02     0.00       0.02      0.00       0.0
"print.default"        0.02     0.00       0.02      0.00       7.9
"t.default"            0.02     0.00       0.02      0.00      14.0

$by.total
                  total.time total.pct mem.total self.time self.pct
"FUN"                4298.80    100.00 2305948.0    333.78     7.76
"lapply"             4298.80    100.00 2305948.0      7.92     0.18
"VI_binary_ss"       4298.80    100.00 2305948.0      0.12     0.00
"%dopar%"            4298.80    100.00 2305948.0      0.00     0.00
"doTryCatch"         4298.80    100.00 2305948.0      0.00     0.00
"e$fun"              4298.80    100.00 2305948.0      0.00     0.00
"eval"               4298.80    100.00 2305948.0      0.00     0.00
"mclapply"           4298.80    100.00 2305948.0      0.00     0.00
"sendMaster"         4298.80    100.00 2305948.0      0.00     0.00
"try"                4298.80    100.00 2305948.0      0.00     0.00
"tryCatch"           4298.80    100.00 2305948.0      0.00     0.00
"tryCatchList"       4298.80    100.00 2305948.0      0.00     0.00
"tryCatchOne"        4298.80    100.00 2305948.0      0.00     0.00
"VI_step_ss"         4298.22     99.99 2305759.4    151.26     3.52
"ELBO.fun_ss"        2390.40     55.61 1036133.8     25.14     0.58
"unlist"             1322.64     30.77  851692.1   1319.42    30.69
"g_fun"               947.82     22.05  548617.7    215.80     5.02
"sapply"              813.78     18.93  395167.9      0.20     0.00
"loglogit"            782.98     18.21  338510.3      0.04     0.00
"g_fun.vec"           727.42     16.92  291406.5    160.02     3.72
"log1p.exp.vec"       708.94     16.49  281701.8    154.46     3.59
"exp"                 497.20     11.57  244195.4    497.20    11.57
"-"                   464.30     10.80  208096.2    464.30    10.80
"/"                   197.40      4.59  122511.6    197.40     4.59
"^"                   173.60      4.04  114933.2    173.60     4.04
"*"                   155.18      3.61   87456.2    155.18     3.61
"log1p"               135.20      3.15       0.3    135.20     3.15
"sum"                 125.50      2.92   77821.0    125.50     2.92
"!="                   91.72      2.13   58030.8     91.72     2.13
"<="                   49.44      1.15   39034.9     49.44     1.15
"+"                    23.88      0.56   12810.2     23.88     0.56
"standardGeneric"       7.92      0.18    6088.6      0.32     0.01
"diag<-"                7.40      0.17    5779.4      7.14     0.17
"%*%"                   3.50      0.08    2765.5      3.50     0.08
"("                     2.64      0.06    1702.0      2.64     0.06
"simplify2array"        1.58      0.04     848.6      0.10     0.00
"unique"                1.48      0.03     781.4      0.40     0.01
"length"                0.82      0.02     536.3      0.82     0.02
"lengths"               0.68      0.02     385.8      0.68     0.02
"unique.default"        0.40      0.01     226.5      0.34     0.01
"=="                    0.38      0.01     244.3      0.38     0.01
"t"                     0.38      0.01     254.3      0.16     0.00
"cbind"                 0.18      0.00     173.7      0.18     0.00
"isFALSE"               0.14      0.00      77.4      0.08     0.00
"numeric"               0.10      0.00      22.9      0.10     0.00
"mean"                  0.10      0.00      39.2      0.02     0.00
"match.fun"             0.08      0.00      15.6      0.06     0.00
"is.factor"             0.06      0.00      32.8      0.06     0.00
":"                     0.04      0.00      18.7      0.04     0.00
"is.na"                 0.04      0.00       4.7      0.04     0.00
"mean.default"          0.04      0.00      15.7      0.04     0.00
"print"                 0.04      0.00      15.7      0.02     0.00
"&"                     0.02      0.00       7.8      0.02     0.00
"abs"                   0.02      0.00       0.0      0.02     0.00
"is.function"           0.02      0.00       0.0      0.02     0.00
"print.default"         0.02      0.00       7.9      0.02     0.00
"t.default"             0.02      0.00      14.0      0.02     0.00

$sample.interval
[1] 0.02

$sampling.time
[1] 4298.8

