[1] 10
[1] 20
[1] 30
[1] 40
[1] 50
[1] 60
[1] 70
[1] 80
[1] "Converged after 80 steps."
$by.self
                  self.time self.pct total.time total.pct mem.total
"unlist"              33.18    19.88      33.28     19.94   10385.4
"exp"                 20.06    12.02      20.06     12.02    6450.0
"-"                   18.80    11.27      18.80     11.27    4897.8
"^"                   16.22     9.72      16.22      9.72    5188.7
"FUN"                 11.76     7.05     166.86    100.00   58967.9
"log1p.exp.vec"       11.22     6.72      27.98     16.77    8535.6
"*"                   10.76     6.45      10.76      6.45    4696.9
"g_fun"                9.36     5.61      49.32     29.56   13105.0
"/"                    8.40     5.03       8.40      5.03    5839.9
"g_fun.vec"            8.18     4.90      40.22     24.10    9754.7
"log1p"                5.46     3.27       5.46      3.27       0.0
"sum"                  4.38     2.62       4.38      2.62    4414.4
"!="                   4.24     2.54       4.24      2.54    3369.9
"VI_step_ss"           1.92     1.15     164.56     98.62   58597.2
"<="                   1.52     0.91       1.52      0.91    1502.9
"+"                    0.70     0.42       0.70      0.42     423.8
"ELBO.fun_ss"          0.46     0.28      94.92     56.89   28742.3
"lapply"               0.10     0.06     166.86    100.00   58967.9
"("                    0.08     0.05       0.08      0.05      78.5
"diag<-"               0.04     0.02       0.04      0.02      47.4
"lazyLoadDBfetch"      0.02     0.01       0.02      0.01       1.2

$by.total
                  total.time total.pct mem.total self.time self.pct
"FUN"                 166.86    100.00   58967.9     11.76     7.05
"lapply"              166.86    100.00   58967.9      0.10     0.06
"%dopar%"             166.86    100.00   58967.9      0.00     0.00
"VI_binary_ss"        166.86    100.00   58967.9      0.00     0.00
"doTryCatch"          166.86    100.00   58967.9      0.00     0.00
"e$fun"               166.86    100.00   58967.9      0.00     0.00
"eval"                166.86    100.00   58967.9      0.00     0.00
"mclapply"            166.86    100.00   58967.9      0.00     0.00
"sendMaster"          166.86    100.00   58967.9      0.00     0.00
"try"                 166.86    100.00   58967.9      0.00     0.00
"tryCatch"            166.86    100.00   58967.9      0.00     0.00
"tryCatchList"        166.86    100.00   58967.9      0.00     0.00
"tryCatchOne"         166.86    100.00   58967.9      0.00     0.00
"VI_step_ss"          164.56     98.62   58597.2      1.92     1.15
"ELBO.fun_ss"          94.92     56.89   28742.3      0.46     0.28
"g_fun"                49.32     29.56   13105.0      9.36     5.61
"g_fun.vec"            40.22     24.10    9754.7      8.18     4.90
"sapply"               33.36     19.99   11104.6      0.00     0.00
"unlist"               33.28     19.94   10385.4     33.18    19.88
"loglogit"             31.04     18.60    9676.7      0.00     0.00
"log1p.exp.vec"        27.98     16.77    8535.6     11.22     6.72
"exp"                  20.06     12.02    6450.0     20.06    12.02
"-"                    18.80     11.27    4897.8     18.80    11.27
"^"                    16.22      9.72    5188.7     16.22     9.72
"*"                    10.76      6.45    4696.9     10.76     6.45
"/"                     8.40      5.03    5839.9      8.40     5.03
"log1p"                 5.46      3.27       0.0      5.46     3.27
"sum"                   4.38      2.62    4414.4      4.38     2.62
"!="                    4.24      2.54    3369.9      4.24     2.54
"<="                    1.52      0.91    1502.9      1.52     0.91
"+"                     0.70      0.42     423.8      0.70     0.42
"("                     0.08      0.05      78.5      0.08     0.05
"diag<-"                0.04      0.02      47.4      0.04     0.02
"standardGeneric"       0.04      0.02      47.4      0.00     0.00
"lazyLoadDBfetch"       0.02      0.01       1.2      0.02     0.01

$sample.interval
[1] 0.02

$sampling.time
[1] 166.86

