[1] 10
[1] 20
[1] 30
[1] 40
[1] 50
[1] 60
[1] 70
[1] "Converged after 79 steps."
$by.self
                  self.time self.pct total.time total.pct mem.total
"unlist"              35.84    20.94      35.90     20.97   10447.9
"^"                   21.52    12.57      21.52     12.57    5052.7
"*"                   19.68    11.50      19.68     11.50    4459.4
"exp"                 18.04    10.54      18.04     10.54    6285.2
"g_fun"               11.46     6.70      53.58     31.30   12805.1
"FUN"                 11.08     6.47     171.16    100.00   58255.8
"log1p.exp.vec"       10.78     6.30      26.36     15.40    8387.6
"/"                    8.74     5.11       8.74      5.11    5679.6
"-"                    8.58     5.01       8.58      5.01    4161.7
"g_fun.vec"            6.00     3.51      35.68     20.85    9609.0
"log1p"                5.02     2.93       5.02      2.93       0.0
"sum"                  3.88     2.27       3.88      2.27    4009.9
"<="                   3.66     2.14       3.66      2.14    1651.7
"!="                   3.26     1.90       3.26      1.90    3700.1
"VI_step_ss"           2.14     1.25     168.74     98.59   57890.4
"+"                    0.78     0.46       0.78      0.46     370.3
"ELBO.fun_ss"          0.42     0.25      87.30     51.00   28589.4
"lapply"               0.10     0.06     171.16    100.00   58255.8
"%*%"                  0.04     0.02       0.04      0.02      47.3
"standardGeneric"      0.02     0.01       0.06      0.04      70.2
"t"                    0.02     0.01       0.04      0.02      43.4
"("                    0.02     0.01       0.02      0.01      20.6
"diag<-"               0.02     0.01       0.02      0.01      26.9
"isFALSE"              0.02     0.01       0.02      0.01       9.6
"length"               0.02     0.01       0.02      0.01      13.4
"unique"               0.02     0.01       0.02      0.01       9.6

$by.total
                  total.time total.pct mem.total self.time self.pct
"FUN"                 171.16    100.00   58255.8     11.08     6.47
"lapply"              171.16    100.00   58255.8      0.10     0.06
"%dopar%"             171.16    100.00   58255.8      0.00     0.00
"VI_binary_ss"        171.16    100.00   58255.8      0.00     0.00
"doTryCatch"          171.16    100.00   58255.8      0.00     0.00
"e$fun"               171.16    100.00   58255.8      0.00     0.00
"eval"                171.16    100.00   58255.8      0.00     0.00
"mclapply"            171.16    100.00   58255.8      0.00     0.00
"sendMaster"          171.16    100.00   58255.8      0.00     0.00
"try"                 171.16    100.00   58255.8      0.00     0.00
"tryCatch"            171.16    100.00   58255.8      0.00     0.00
"tryCatchList"        171.16    100.00   58255.8      0.00     0.00
"tryCatchOne"         171.16    100.00   58255.8      0.00     0.00
"VI_step_ss"          168.74     98.59   57890.4      2.14     1.25
"ELBO.fun_ss"          87.30     51.00   28589.4      0.42     0.25
"g_fun"                53.58     31.30   12805.1     11.46     6.70
"sapply"               38.30     22.38   11049.7      0.00     0.00
"unlist"               35.90     20.97   10447.9     35.84    20.94
"g_fun.vec"            35.68     20.85    9609.0      6.00     3.51
"loglogit"             26.98     15.76    9328.0      0.00     0.00
"log1p.exp.vec"        26.36     15.40    8387.6     10.78     6.30
"^"                    21.52     12.57    5052.7     21.52    12.57
"*"                    19.68     11.50    4459.4     19.68    11.50
"exp"                  18.04     10.54    6285.2     18.04    10.54
"/"                     8.74      5.11    5679.6      8.74     5.11
"-"                     8.58      5.01    4161.7      8.58     5.01
"log1p"                 5.02      2.93       0.0      5.02     2.93
"sum"                   3.88      2.27    4009.9      3.88     2.27
"<="                    3.66      2.14    1651.7      3.66     2.14
"!="                    3.26      1.90    3700.1      3.26     1.90
"+"                     0.78      0.46     370.3      0.78     0.46
"standardGeneric"       0.06      0.04      70.2      0.02     0.01
"%*%"                   0.04      0.02      47.3      0.04     0.02
"t"                     0.04      0.02      43.4      0.02     0.01
"("                     0.02      0.01      20.6      0.02     0.01
"diag<-"                0.02      0.01      26.9      0.02     0.01
"isFALSE"               0.02      0.01       9.6      0.02     0.01
"length"                0.02      0.01      13.4      0.02     0.01
"unique"                0.02      0.01       9.6      0.02     0.01
"simplify2array"        0.02      0.01       9.6      0.00     0.00

$sample.interval
[1] 0.02

$sampling.time
[1] 171.16

