[1] 10
[1] 20
[1] 30
[1] 40
[1] 50
[1] 60
[1] 70
[1] 80
[1] 90
[1] 100
[1] 110
[1] 120
[1] 130
[1] 140
[1] 150
[1] 160
[1] 170
[1] 180
[1] 190
[1] 200
[1] 210
[1] 220
[1] 230
[1] 240
[1] 250
[1] 260
[1] 270
[1] 280
[1] 290
[1] 300
[1] 310
[1] 320
[1] 330
[1] 340
[1] 350
[1] 360
[1] 370
[1] 380
[1] 390
[1] 400
[1] 410
[1] 420
[1] 430
[1] 440
[1] 450
[1] 460
[1] 470
[1] 480
[1] 490
[1] 500
[1] 510
[1] 520
[1] 530
[1] 540
[1] 550
[1] 560
[1] 570
[1] 580
[1] 590
[1] 600
[1] 610
[1] 620
[1] 630
[1] 640
[1] 650
[1] 660
[1] 670
[1] 680
[1] 690
[1] 700
[1] 710
[1] 720
[1] 730
[1] 740
[1] 750
[1] 760
[1] 770
[1] 780
[1] 790
[1] 800
[1] 810
[1] 820
[1] 830
[1] 840
[1] 850
[1] 860
[1] 870
[1] 880
[1] 890
[1] 900
[1] 910
[1] 920
[1] 930
[1] 940
[1] 950
[1] 960
[1] 970
[1] 980
[1] 990
[1] 1000
[1] 1010
[1] 1020
[1] 1030
[1] 1040
[1] 1050
[1] 1060
[1] 1070
[1] 1080
[1] 1090
[1] 1100
[1] 1110
[1] 1120
[1] 1130
[1] 1140
[1] 1150
[1] 1160
[1] 1170
[1] 1180
[1] 1190
[1] 1200
[1] 1210
[1] 1220
[1] 1230
[1] 1240
[1] 1250
[1] 1260
[1] 1270
[1] 1280
[1] 1290
[1] 1300
[1] 1310
[1] 1320
[1] 1330
[1] 1340
[1] 1350
[1] 1360
[1] 1370
[1] 1380
[1] 1390
[1] 1400
[1] 1410
[1] 1420
[1] 1430
[1] 1440
[1] 1450
[1] 1460
[1] 1470
[1] 1480
[1] 1490
[1] 1500
[1] 1510
[1] 1520
[1] 1530
[1] 1540
[1] 1550
[1] 1560
[1] 1570
[1] 1580
[1] 1590
[1] 1600
[1] 1610
[1] 1620
[1] 1630
[1] 1640
[1] 1650
[1] 1660
[1] 1670
[1] 1680
[1] 1690
[1] 1700
[1] 1710
[1] 1720
[1] 1730
[1] 1740
[1] 1750
[1] 1760
[1] 1770
[1] 1780
[1] 1790
[1] 1800
[1] 1810
[1] 1820
[1] 1830
[1] 1840
[1] 1850
[1] 1860
[1] 1870
[1] 1880
[1] 1890
[1] 1900
[1] 1910
[1] 1920
[1] 1930
[1] 1940
[1] 1950
[1] 1960
[1] 1970
[1] 1980
[1] 1990
[1] 2000
[1] 2010
[1] 2020
[1] 2030
[1] 2040
[1] 2050
[1] 2060
[1] 2070
[1] 2080
[1] 2090
[1] 2100
[1] 2110
[1] 2120
[1] 2130
[1] 2140
[1] 2150
[1] 2160
[1] 2170
[1] 2180
[1] 2190
[1] 2200
[1] 2210
[1] 2220
[1] 2230
[1] 2240
[1] 2250
[1] 2260
[1] 2270
[1] 2280
[1] 2290
[1] 2300
[1] 2310
[1] 2320
[1] 2330
[1] 2340
[1] 2350
[1] 2360
[1] 2370
[1] 2380
[1] 2390
[1] 2400
[1] 2410
[1] 2420
[1] 2430
[1] 2440
[1] 2450
[1] 2460
[1] 2470
[1] 2480
[1] 2490
[1] 2500
[1] 2510
[1] 2520
[1] 2530
[1] 2540
[1] 2550
[1] 2560
[1] 2570
[1] 2580
[1] 2590
[1] 2600
[1] 2610
[1] 2620
[1] 2630
[1] 2640
[1] 2650
[1] 2660
[1] 2670
[1] 2680
[1] 2690
[1] 2700
[1] 2710
[1] 2720
[1] 2730
[1] 2740
[1] 2750
[1] 2760
[1] 2770
[1] 2780
[1] 2790
[1] 2800
[1] 2810
[1] 2820
[1] 2830
[1] 2840
[1] 2850
[1] 2860
[1] 2870
[1] 2880
[1] 2890
[1] 2900
[1] 2910
[1] 2920
[1] 2930
[1] 2940
[1] 2950
[1] 2960
[1] 2970
[1] 2980
[1] 2990
[1] 3000
[1] 3010
[1] 3020
[1] 3030
[1] 3040
[1] 3050
[1] 3060
[1] 3070
[1] 3080
[1] 3090
[1] 3100
[1] 3110
[1] 3120
[1] 3130
[1] 3140
[1] 3150
[1] 3160
[1] 3170
[1] 3180
[1] 3190
[1] 3200
[1] 3210
[1] 3220
[1] 3230
[1] 3240
[1] 3250
[1] 3260
[1] 3270
[1] 3280
[1] 3290
[1] 3300
[1] 3310
[1] 3320
[1] 3330
[1] 3340
[1] 3350
[1] 3360
[1] 3370
[1] 3380
[1] 3390
[1] 3400
[1] 3410
[1] 3420
[1] 3430
[1] 3440
[1] 3450
[1] 3460
[1] 3470
[1] 3480
[1] 3490
[1] 3500
[1] 3510
[1] 3520
[1] 3530
[1] 3540
[1] 3550
[1] 3560
[1] 3570
[1] 3580
[1] 3590
[1] 3600
[1] 3610
[1] 3620
[1] 3630
[1] 3640
[1] 3650
[1] 3660
[1] 3670
[1] 3680
[1] 3690
[1] 3700
[1] 3710
[1] 3720
[1] 3730
[1] 3740
[1] 3750
[1] 3760
[1] 3770
[1] 3780
[1] 3790
[1] 3800
[1] 3810
[1] 3820
[1] 3830
[1] 3840
[1] 3850
[1] 3860
[1] 3870
[1] 3880
[1] 3890
[1] 3900
[1] 3910
[1] 3920
[1] 3930
[1] 3940
[1] 3950
[1] 3960
[1] 3970
[1] 3980
[1] 3990
[1] 4000
[1] 4010
[1] 4020
[1] 4030
[1] 4040
[1] 4050
[1] 4060
[1] 4070
[1] 4080
[1] 4090
[1] 4100
[1] 4110
[1] 4120
[1] 4130
[1] 4140
[1] 4150
[1] 4160
[1] 4170
[1] 4180
[1] 4190
[1] 4200
[1] 4210
[1] 4220
[1] 4230
[1] 4240
[1] 4250
[1] 4260
[1] 4270
[1] 4280
[1] 4290
[1] 4300
[1] "Converged after 4307 steps."
$by.self
                  self.time self.pct total.time total.pct mem.total
"unlist"             854.20    30.63     856.50     30.72  596305.8
"exp"                350.48    12.57     350.48     12.57  140698.6
"^"                  230.78     8.28     230.78      8.28   86043.4
"FUN"                227.12     8.15    2788.42    100.00 1643514.9
"-"                  186.70     6.70     186.70      6.70  146822.2
"g_fun"              134.96     4.84     625.10     22.42  377571.5
"/"                  129.12     4.63     129.12      4.63   85088.0
"log1p.exp.vec"      126.46     4.54     390.08     13.99  219050.7
"VI_step_ss"         100.54     3.61    2787.62     99.97 1643288.8
"*"                  100.54     3.61     100.54      3.61   62032.2
"log1p"               91.68     3.29      91.68      3.29       0.2
"sum"                 87.22     3.13      87.22      3.13   53744.7
"!="                  60.64     2.17      60.64      2.17   38639.6
"g_fun.vec"           30.84     1.11     397.76     14.26  208891.0
"<="                  26.66     0.96      26.66      0.96   35268.0
"ELBO.fun_ss"         17.82     0.64    1441.66     51.70  771030.3
"+"                   16.84     0.60      16.84      0.60    9756.2
"lapply"               5.04     0.18    2788.42    100.00 1643514.9
"diag<-"               3.08     0.11       3.38      0.12    3217.1
"%*%"                  2.48     0.09       2.48      0.09    2175.5
"("                    1.68     0.06       1.68      0.06    1167.6
"lengths"              0.72     0.03       0.72      0.03     403.0
"length"               0.68     0.02       0.68      0.02     474.3
"unique"               0.40     0.01       1.46      0.05     872.5
"unique.default"       0.30     0.01       0.34      0.01     231.3
"standardGeneric"      0.26     0.01       3.58      0.13    3360.9
"=="                   0.18     0.01       0.18      0.01     116.2
"VI_binary_ss"         0.16     0.01    2788.42    100.00 1643514.9
"sapply"               0.16     0.01     551.62     19.78  276301.6
"simplify2array"       0.14     0.01       1.60      0.06     935.9
"cbind"                0.12     0.00       0.12      0.00     115.6
"numeric"              0.10     0.00       0.10      0.00      38.2
"t"                    0.08     0.00       0.18      0.01     135.9
"match.fun"            0.06     0.00       0.08      0.00      30.5
"is.factor"            0.04     0.00       0.04      0.00      31.1
"loglogit"             0.02     0.00     433.40     15.54  260316.0
"%%"                   0.02     0.00       0.02      0.00       7.9
":"                    0.02     0.00       0.02      0.00      15.5
"is.function"          0.02     0.00       0.02      0.00       7.6
"isFALSE"              0.02     0.00       0.02      0.00      19.0
"mean.default"         0.02     0.00       0.02      0.00       7.8
"min"                  0.02     0.00       0.02      0.00      17.8

$by.total
                  total.time total.pct mem.total self.time self.pct
"FUN"                2788.42    100.00 1643514.9    227.12     8.15
"lapply"             2788.42    100.00 1643514.9      5.04     0.18
"VI_binary_ss"       2788.42    100.00 1643514.9      0.16     0.01
"%dopar%"            2788.42    100.00 1643514.9      0.00     0.00
"doTryCatch"         2788.42    100.00 1643514.9      0.00     0.00
"e$fun"              2788.42    100.00 1643514.9      0.00     0.00
"eval"               2788.42    100.00 1643514.9      0.00     0.00
"mclapply"           2788.42    100.00 1643514.9      0.00     0.00
"sendMaster"         2788.42    100.00 1643514.9      0.00     0.00
"try"                2788.42    100.00 1643514.9      0.00     0.00
"tryCatch"           2788.42    100.00 1643514.9      0.00     0.00
"tryCatchList"       2788.42    100.00 1643514.9      0.00     0.00
"tryCatchOne"        2788.42    100.00 1643514.9      0.00     0.00
"VI_step_ss"         2787.62     99.97 1643288.8    100.54     3.61
"ELBO.fun_ss"        1441.66     51.70  771030.3     17.82     0.64
"unlist"              856.50     30.72  596305.8    854.20    30.63
"g_fun"               625.10     22.42  377571.5    134.96     4.84
"sapply"              551.62     19.78  276301.6      0.16     0.01
"loglogit"            433.40     15.54  260316.0      0.02     0.00
"g_fun.vec"           397.76     14.26  208891.0     30.84     1.11
"log1p.exp.vec"       390.08     13.99  219050.7    126.46     4.54
"exp"                 350.48     12.57  140698.6    350.48    12.57
"^"                   230.78      8.28   86043.4    230.78     8.28
"-"                   186.70      6.70  146822.2    186.70     6.70
"/"                   129.12      4.63   85088.0    129.12     4.63
"*"                   100.54      3.61   62032.2    100.54     3.61
"log1p"                91.68      3.29       0.2     91.68     3.29
"sum"                  87.22      3.13   53744.7     87.22     3.13
"!="                   60.64      2.17   38639.6     60.64     2.17
"<="                   26.66      0.96   35268.0     26.66     0.96
"+"                    16.84      0.60    9756.2     16.84     0.60
"standardGeneric"       3.58      0.13    3360.9      0.26     0.01
"diag<-"                3.38      0.12    3217.1      3.08     0.11
"%*%"                   2.48      0.09    2175.5      2.48     0.09
"("                     1.68      0.06    1167.6      1.68     0.06
"simplify2array"        1.60      0.06     935.9      0.14     0.01
"unique"                1.46      0.05     872.5      0.40     0.01
"lengths"               0.72      0.03     403.0      0.72     0.03
"length"                0.68      0.02     474.3      0.68     0.02
"unique.default"        0.34      0.01     231.3      0.30     0.01
"=="                    0.18      0.01     116.2      0.18     0.01
"t"                     0.18      0.01     135.9      0.08     0.00
"cbind"                 0.12      0.00     115.6      0.12     0.00
"numeric"               0.10      0.00      38.2      0.10     0.00
"match.fun"             0.08      0.00      30.5      0.06     0.00
"is.factor"             0.04      0.00      31.1      0.04     0.00
"%%"                    0.02      0.00       7.9      0.02     0.00
":"                     0.02      0.00      15.5      0.02     0.00
"is.function"           0.02      0.00       7.6      0.02     0.00
"isFALSE"               0.02      0.00      19.0      0.02     0.00
"mean.default"          0.02      0.00       7.8      0.02     0.00
"min"                   0.02      0.00      17.8      0.02     0.00
"mean"                  0.02      0.00       7.8      0.00     0.00

$sample.interval
[1] 0.02

$sampling.time
[1] 2788.42

