[1] 10
[1] 20
[1] 30
[1] 40
[1] 50
[1] 60
[1] 70
[1] 80
[1] 90
[1] 100
[1] 110
[1] 120
[1] 130
[1] 140
[1] 150
[1] 160
[1] 170
[1] 180
[1] 190
[1] 200
[1] 210
[1] 220
[1] 230
[1] 240
[1] 250
[1] 260
[1] 270
[1] 280
[1] 290
[1] 300
[1] 310
[1] 320
[1] 330
[1] 340
[1] 350
[1] 360
[1] 370
[1] 380
[1] 390
[1] 400
[1] 410
[1] 420
[1] 430
[1] 440
[1] 450
[1] 460
[1] 470
[1] 480
[1] 490
[1] 500
[1] 510
[1] 520
[1] 530
[1] 540
[1] 550
[1] 560
[1] 570
[1] 580
[1] 590
[1] 600
[1] 610
[1] 620
[1] 630
[1] 640
[1] 650
[1] 660
[1] 670
[1] 680
[1] 690
[1] 700
[1] 710
[1] 720
[1] 730
[1] 740
[1] 750
[1] 760
[1] 770
[1] 780
[1] 790
[1] 800
[1] 810
[1] 820
[1] 830
[1] 840
[1] 850
[1] 860
[1] 870
[1] 880
[1] 890
[1] 900
[1] 910
[1] 920
[1] 930
[1] 940
[1] 950
[1] 960
[1] 970
[1] 980
[1] 990
[1] 1000
[1] 1010
[1] 1020
[1] 1030
[1] 1040
[1] 1050
[1] 1060
[1] 1070
[1] 1080
[1] 1090
[1] 1100
[1] 1110
[1] 1120
[1] 1130
[1] 1140
[1] 1150
[1] 1160
[1] 1170
[1] 1180
[1] 1190
[1] 1200
[1] 1210
[1] 1220
[1] 1230
[1] 1240
[1] 1250
[1] 1260
[1] 1270
[1] 1280
[1] 1290
[1] 1300
[1] 1310
[1] 1320
[1] 1330
[1] 1340
[1] 1350
[1] 1360
[1] 1370
[1] 1380
[1] 1390
[1] 1400
[1] 1410
[1] 1420
[1] 1430
[1] 1440
[1] 1450
[1] 1460
[1] 1470
[1] 1480
[1] 1490
[1] 1500
[1] 1510
[1] 1520
[1] 1530
[1] 1540
[1] 1550
[1] 1560
[1] 1570
[1] 1580
[1] 1590
[1] 1600
[1] 1610
[1] 1620
[1] 1630
[1] 1640
[1] 1650
[1] "Converged after 1650 steps."
$by.self
                  self.time self.pct total.time total.pct mem.total
"unlist"             333.14    30.11     334.10     30.19  218182.3
"exp"                131.74    11.91     131.74     11.91   66608.7
"^"                  103.72     9.37     103.72      9.37   28991.3
"-"                   86.56     7.82      86.56      7.82   42705.2
"FUN"                 69.80     6.31    1106.58    100.00  587949.4
"g_fun"               67.46     6.10     246.70     22.29  137824.4
"/"                   52.24     4.72      52.24      4.72   22840.2
"*"                   44.40     4.01      44.40      4.01   27994.9
"log1p.exp.vec"       40.20     3.63     145.96     13.19   82039.2
"VI_step_ss"          37.36     3.38    1105.76     99.93  587736.0
"log1p"               35.48     3.21      35.48      3.21       0.1
"sum"                 33.12     2.99      33.12      2.99   19511.6
"!="                  26.64     2.41      26.64      2.41   16058.6
"g_fun.vec"           13.36     1.21     166.88     15.08   76773.4
"<="                  11.82     1.07      11.82      1.07   11769.3
"ELBO.fun_ss"          6.34     0.57     572.16     51.71  268091.3
"+"                    5.56     0.50       5.56      0.50    2071.7
"%*%"                  2.46     0.22       2.46      0.22    1526.2
"lapply"               1.66     0.15    1106.58    100.00  587949.4
"diag<-"               1.44     0.13       1.48      0.13    1156.5
"("                    0.70     0.06       0.70      0.06     474.8
"length"               0.34     0.03       0.34      0.03     263.5
"=="                   0.14     0.01       0.14      0.01      99.3
"lengths"              0.14     0.01       0.14      0.01      65.1
"standardGeneric"      0.12     0.01       1.66      0.15    1261.3
"unique"               0.10     0.01       0.36      0.03     175.4
"isFALSE"              0.10     0.01       0.12      0.01      74.4
"unique.default"       0.08     0.01       0.12      0.01      52.7
"VI_binary_ss"         0.06     0.01    1106.58    100.00  587949.4
"numeric"              0.06     0.01       0.06      0.01      22.9
"sapply"               0.04     0.00     191.28     17.29   98847.7
"t"                    0.04     0.00       0.16      0.01     107.1
"cbind"                0.04     0.00       0.04      0.00      19.7
"is.factor"            0.04     0.00       0.04      0.00      15.6
"%%"                   0.02     0.00       0.02      0.00       7.8
"match.fun"            0.02     0.00       0.02      0.00       7.7
"print.default"        0.02     0.00       0.02      0.00       7.9
"t.default"            0.02     0.00       0.02      0.00      14.4

$by.total
                  total.time total.pct mem.total self.time self.pct
"FUN"                1106.58    100.00  587949.4     69.80     6.31
"lapply"             1106.58    100.00  587949.4      1.66     0.15
"VI_binary_ss"       1106.58    100.00  587949.4      0.06     0.01
"%dopar%"            1106.58    100.00  587949.4      0.00     0.00
"doTryCatch"         1106.58    100.00  587949.4      0.00     0.00
"e$fun"              1106.58    100.00  587949.4      0.00     0.00
"eval"               1106.58    100.00  587949.4      0.00     0.00
"mclapply"           1106.58    100.00  587949.4      0.00     0.00
"sendMaster"         1106.58    100.00  587949.4      0.00     0.00
"try"                1106.58    100.00  587949.4      0.00     0.00
"tryCatch"           1106.58    100.00  587949.4      0.00     0.00
"tryCatchList"       1106.58    100.00  587949.4      0.00     0.00
"tryCatchOne"        1106.58    100.00  587949.4      0.00     0.00
"VI_step_ss"         1105.76     99.93  587736.0     37.36     3.38
"ELBO.fun_ss"         572.16     51.71  268091.3      6.34     0.57
"unlist"              334.10     30.19  218182.3    333.14    30.11
"g_fun"               246.70     22.29  137824.4     67.46     6.10
"sapply"              191.28     17.29   98847.7      0.04     0.00
"loglogit"            190.16     17.18   94879.9      0.00     0.00
"g_fun.vec"           166.88     15.08   76773.4     13.36     1.21
"log1p.exp.vec"       145.96     13.19   82039.2     40.20     3.63
"exp"                 131.74     11.91   66608.7    131.74    11.91
"^"                   103.72      9.37   28991.3    103.72     9.37
"-"                    86.56      7.82   42705.2     86.56     7.82
"/"                    52.24      4.72   22840.2     52.24     4.72
"*"                    44.40      4.01   27994.9     44.40     4.01
"log1p"                35.48      3.21       0.1     35.48     3.21
"sum"                  33.12      2.99   19511.6     33.12     2.99
"!="                   26.64      2.41   16058.6     26.64     2.41
"<="                   11.82      1.07   11769.3     11.82     1.07
"+"                     5.56      0.50    2071.7      5.56     0.50
"%*%"                   2.46      0.22    1526.2      2.46     0.22
"standardGeneric"       1.66      0.15    1261.3      0.12     0.01
"diag<-"                1.48      0.13    1156.5      1.44     0.13
"("                     0.70      0.06     474.8      0.70     0.06
"unique"                0.36      0.03     175.4      0.10     0.01
"simplify2array"        0.36      0.03     175.4      0.00     0.00
"length"                0.34      0.03     263.5      0.34     0.03
"t"                     0.16      0.01     107.1      0.04     0.00
"=="                    0.14      0.01      99.3      0.14     0.01
"lengths"               0.14      0.01      65.1      0.14     0.01
"isFALSE"               0.12      0.01      74.4      0.10     0.01
"unique.default"        0.12      0.01      52.7      0.08     0.01
"numeric"               0.06      0.01      22.9      0.06     0.01
"cbind"                 0.04      0.00      19.7      0.04     0.00
"is.factor"             0.04      0.00      15.6      0.04     0.00
"print"                 0.04      0.00      13.8      0.00     0.00
"%%"                    0.02      0.00       7.8      0.02     0.00
"match.fun"             0.02      0.00       7.7      0.02     0.00
"print.default"         0.02      0.00       7.9      0.02     0.00
"t.default"             0.02      0.00      14.4      0.02     0.00

$sample.interval
[1] 0.02

$sampling.time
[1] 1106.58

