[1] 10
[1] 20
[1] 30
[1] 40
[1] 50
[1] 60
[1] 70
[1] 80
[1] 90
[1] 100
[1] 110
[1] 120
[1] 130
[1] 140
[1] 150
[1] 160
[1] 170
[1] 180
[1] 190
[1] 200
[1] 210
[1] 220
[1] 230
[1] 240
[1] 250
[1] 260
[1] 270
[1] 280
[1] 290
[1] 300
[1] 310
[1] 320
[1] 330
[1] 340
[1] 350
[1] 360
[1] 370
[1] 380
[1] 390
[1] 400
[1] 410
[1] 420
[1] 430
[1] 440
[1] 450
[1] 460
[1] 470
[1] 480
[1] 490
[1] 500
[1] 510
[1] 520
[1] 530
[1] 540
[1] 550
[1] 560
[1] 570
[1] 580
[1] 590
[1] 600
[1] 610
[1] 620
[1] 630
[1] 640
[1] 650
[1] 660
[1] 670
[1] 680
[1] 690
[1] 700
[1] 710
[1] 720
[1] 730
[1] 740
[1] 750
[1] 760
[1] 770
[1] 780
[1] 790
[1] 800
[1] 810
[1] 820
[1] 830
[1] 840
[1] 850
[1] 860
[1] 870
[1] 880
[1] 890
[1] 900
[1] 910
[1] 920
[1] 930
[1] 940
[1] 950
[1] 960
[1] 970
[1] 980
[1] 990
[1] 1000
[1] 1010
[1] 1020
[1] 1030
[1] 1040
[1] 1050
[1] 1060
[1] 1070
[1] 1080
[1] 1090
[1] 1100
[1] 1110
[1] 1120
[1] 1130
[1] 1140
[1] 1150
[1] 1160
[1] 1170
[1] 1180
[1] 1190
[1] 1200
[1] 1210
[1] 1220
[1] 1230
[1] 1240
[1] 1250
[1] 1260
[1] 1270
[1] 1280
[1] 1290
[1] 1300
[1] 1310
[1] 1320
[1] 1330
[1] 1340
[1] 1350
[1] 1360
[1] 1370
[1] 1380
[1] 1390
[1] 1400
[1] 1410
[1] 1420
[1] 1430
[1] 1440
[1] 1450
[1] 1460
[1] 1470
[1] 1480
[1] 1490
[1] 1500
[1] 1510
[1] 1520
[1] 1530
[1] 1540
[1] 1550
[1] 1560
[1] 1570
[1] 1580
[1] 1590
[1] 1600
[1] 1610
[1] 1620
[1] 1630
[1] 1640
[1] 1650
[1] 1660
[1] 1670
[1] 1680
[1] 1690
[1] 1700
[1] 1710
[1] 1720
[1] "Converged after 1727 steps."
$by.self
                  self.time self.pct total.time total.pct mem.total
"unlist"             359.30    29.99     360.36     30.08  230772.9
"exp"                142.48    11.89     142.48     11.89   67741.3
"^"                  113.34     9.46     113.34      9.46   30372.2
"-"                   94.72     7.91      94.72      7.91   47007.3
"FUN"                 75.84     6.33    1198.12    100.00  620108.1
"g_fun"               73.52     6.14     265.62     22.17  144423.0
"/"                   53.64     4.48      53.64      4.48   23119.6
"*"                   49.72     4.15      49.72      4.15   28625.2
"log1p.exp.vec"       43.50     3.63     157.76     13.17   87069.1
"VI_step_ss"          42.58     3.55    1197.30     99.93  619925.5
"log1p"               38.38     3.20      38.38      3.20       0.1
"sum"                 35.16     2.93      35.16      2.93   20278.8
"!="                  29.30     2.45      29.30      2.45   16926.0
"g_fun.vec"           14.26     1.19     179.60     14.99   79730.0
"<="                  11.70     0.98      11.70      0.98   11560.4
"ELBO.fun_ss"          6.98     0.58     619.22     51.68  282805.8
"+"                    5.52     0.46       5.52      0.46    2126.6
"%*%"                  2.92     0.24       2.92      0.24    1587.4
"lapply"               2.00     0.17    1198.12    100.00  620108.1
"diag<-"               1.44     0.12       1.48      0.12    1153.1
"("                    0.74     0.06       0.74      0.06     445.6
"length"               0.30     0.03       0.30      0.03     139.8
"lengths"              0.16     0.01       0.16      0.01     105.1
"unique"               0.12     0.01       0.38      0.03     217.1
"standardGeneric"      0.10     0.01       1.60      0.13    1237.1
"unique.default"       0.10     0.01       0.10      0.01      56.6
"=="                   0.06     0.01       0.06      0.01      27.0
"VI_binary_ss"         0.04     0.00    1198.12    100.00  620108.1
"sapply"               0.04     0.00     207.44     17.31  104369.2
"t"                    0.04     0.00       0.12      0.01      91.8
"is.na"                0.04     0.00       0.04      0.00      31.9
"cbind"                0.02     0.00       0.02      0.00      19.7
"list"                 0.02     0.00       0.02      0.00       7.8
"match.fun"            0.02     0.00       0.02      0.00       0.1
"numeric"              0.02     0.00       0.02      0.00       7.6

$by.total
                  total.time total.pct mem.total self.time self.pct
"FUN"                1198.12    100.00  620108.1     75.84     6.33
"lapply"             1198.12    100.00  620108.1      2.00     0.17
"VI_binary_ss"       1198.12    100.00  620108.1      0.04     0.00
"%dopar%"            1198.12    100.00  620108.1      0.00     0.00
"doTryCatch"         1198.12    100.00  620108.1      0.00     0.00
"e$fun"              1198.12    100.00  620108.1      0.00     0.00
"eval"               1198.12    100.00  620108.1      0.00     0.00
"mclapply"           1198.12    100.00  620108.1      0.00     0.00
"sendMaster"         1198.12    100.00  620108.1      0.00     0.00
"try"                1198.12    100.00  620108.1      0.00     0.00
"tryCatch"           1198.12    100.00  620108.1      0.00     0.00
"tryCatchList"       1198.12    100.00  620108.1      0.00     0.00
"tryCatchOne"        1198.12    100.00  620108.1      0.00     0.00
"VI_step_ss"         1197.30     99.93  619925.5     42.58     3.55
"ELBO.fun_ss"         619.22     51.68  282805.8      6.98     0.58
"unlist"              360.36     30.08  230772.9    359.30    29.99
"g_fun"               265.62     22.17  144423.0     73.52     6.14
"sapply"              207.44     17.31  104369.2      0.04     0.00
"loglogit"            205.98     17.19  101294.9      0.00     0.00
"g_fun.vec"           179.60     14.99   79730.0     14.26     1.19
"log1p.exp.vec"       157.76     13.17   87069.1     43.50     3.63
"exp"                 142.48     11.89   67741.3    142.48    11.89
"^"                   113.34      9.46   30372.2    113.34     9.46
"-"                    94.72      7.91   47007.3     94.72     7.91
"/"                    53.64      4.48   23119.6     53.64     4.48
"*"                    49.72      4.15   28625.2     49.72     4.15
"log1p"                38.38      3.20       0.1     38.38     3.20
"sum"                  35.16      2.93   20278.8     35.16     2.93
"!="                   29.30      2.45   16926.0     29.30     2.45
"<="                   11.70      0.98   11560.4     11.70     0.98
"+"                     5.52      0.46    2126.6      5.52     0.46
"%*%"                   2.92      0.24    1587.4      2.92     0.24
"standardGeneric"       1.60      0.13    1237.1      0.10     0.01
"diag<-"                1.48      0.12    1153.1      1.44     0.12
"("                     0.74      0.06     445.6      0.74     0.06
"unique"                0.38      0.03     217.1      0.12     0.01
"simplify2array"        0.38      0.03     217.1      0.00     0.00
"length"                0.30      0.03     139.8      0.30     0.03
"lengths"               0.16      0.01     105.1      0.16     0.01
"t"                     0.12      0.01      91.8      0.04     0.00
"unique.default"        0.10      0.01      56.6      0.10     0.01
"=="                    0.06      0.01      27.0      0.06     0.01
"is.na"                 0.04      0.00      31.9      0.04     0.00
"isFALSE"               0.04      0.00      31.9      0.00     0.00
"cbind"                 0.02      0.00      19.7      0.02     0.00
"list"                  0.02      0.00       7.8      0.02     0.00
"match.fun"             0.02      0.00       0.1      0.02     0.00
"numeric"               0.02      0.00       7.6      0.02     0.00
"mean"                  0.02      0.00       7.8      0.00     0.00

$sample.interval
[1] 0.02

$sampling.time
[1] 1198.12

