[1] 10
[1] 20
[1] 30
[1] 40
[1] 50
[1] 60
[1] 70
[1] 80
[1] 90
[1] 100
[1] 110
[1] 120
[1] 130
[1] 140
[1] 150
[1] 160
[1] 170
[1] 180
[1] 190
[1] 200
[1] 210
[1] 220
[1] 230
[1] 240
[1] 250
[1] 260
[1] 270
[1] 280
[1] 290
[1] 300
[1] 310
[1] 320
[1] 330
[1] 340
[1] 350
[1] 360
[1] 370
[1] 380
[1] 390
[1] 400
[1] 410
[1] 420
[1] 430
[1] 440
[1] 450
[1] 460
[1] 470
[1] 480
[1] 490
[1] 500
[1] 510
[1] 520
[1] 530
[1] 540
[1] 550
[1] 560
[1] 570
[1] 580
[1] 590
[1] 600
[1] 610
[1] 620
[1] 630
[1] 640
[1] 650
[1] 660
[1] 670
[1] 680
[1] 690
[1] 700
[1] 710
[1] 720
[1] 730
[1] 740
[1] 750
[1] 760
[1] 770
[1] 780
[1] 790
[1] 800
[1] 810
[1] 820
[1] 830
[1] 840
[1] 850
[1] 860
[1] 870
[1] 880
[1] 890
[1] 900
[1] 910
[1] 920
[1] 930
[1] 940
[1] 950
[1] 960
[1] 970
[1] 980
[1] 990
[1] 1000
[1] 1010
[1] 1020
[1] 1030
[1] 1040
[1] 1050
[1] 1060
[1] 1070
[1] 1080
[1] 1090
[1] 1100
[1] 1110
[1] 1120
[1] 1130
[1] 1140
[1] 1150
[1] 1160
[1] 1170
[1] 1180
[1] 1190
[1] 1200
[1] 1210
[1] 1220
[1] 1230
[1] 1240
[1] 1250
[1] 1260
[1] 1270
[1] 1280
[1] 1290
[1] 1300
[1] 1310
[1] 1320
[1] 1330
[1] 1340
[1] 1350
[1] 1360
[1] 1370
[1] 1380
[1] 1390
[1] 1400
[1] 1410
[1] 1420
[1] 1430
[1] 1440
[1] 1450
[1] 1460
[1] 1470
[1] 1480
[1] 1490
[1] 1500
[1] 1510
[1] 1520
[1] 1530
[1] 1540
[1] 1550
[1] 1560
[1] 1570
[1] 1580
[1] 1590
[1] 1600
[1] 1610
[1] 1620
[1] 1630
[1] 1640
[1] 1650
[1] 1660
[1] 1670
[1] 1680
[1] 1690
[1] 1700
[1] 1710
[1] 1720
[1] 1730
[1] 1740
[1] 1750
[1] 1760
[1] 1770
[1] 1780
[1] 1790
[1] 1800
[1] 1810
[1] 1820
[1] 1830
[1] 1840
[1] 1850
[1] 1860
[1] 1870
[1] 1880
[1] 1890
[1] 1900
[1] 1910
[1] 1920
[1] 1930
[1] 1940
[1] 1950
[1] 1960
[1] 1970
[1] 1980
[1] 1990
[1] 2000
[1] 2010
[1] 2020
[1] 2030
[1] 2040
[1] 2050
[1] 2060
[1] 2070
[1] 2080
[1] 2090
[1] 2100
[1] 2110
[1] 2120
[1] 2130
[1] 2140
[1] 2150
[1] 2160
[1] 2170
[1] 2180
[1] 2190
[1] 2200
[1] 2210
[1] 2220
[1] 2230
[1] 2240
[1] 2250
[1] 2260
[1] 2270
[1] 2280
[1] 2290
[1] 2300
[1] 2310
[1] 2320
[1] 2330
[1] 2340
[1] 2350
[1] 2360
[1] 2370
[1] 2380
[1] 2390
[1] 2400
[1] 2410
[1] 2420
[1] 2430
[1] 2440
[1] 2450
[1] 2460
[1] 2470
[1] 2480
[1] 2490
[1] 2500
[1] 2510
[1] 2520
[1] 2530
[1] 2540
[1] 2550
[1] 2560
[1] 2570
[1] 2580
[1] 2590
[1] 2600
[1] 2610
[1] 2620
[1] 2630
[1] 2640
[1] "Converged after 2648 steps."
$by.self
                  self.time self.pct total.time total.pct mem.total
"unlist"             518.52    30.80     520.28     30.91  363937.8
"exp"                218.46    12.98     218.46     12.98   98565.8
"-"                  143.80     8.54     143.80      8.54   92406.5
"FUN"                 91.10     5.41    1683.34    100.00  978079.3
"^"                   90.70     5.39      90.70      5.39   47565.6
"/"                   85.06     5.05      85.06      5.05   54887.4
"log1p.exp.vec"       83.56     4.96     269.02     15.98  126171.5
"g_fun"               81.30     4.83     402.54     23.91  227357.0
"*"                   67.04     3.98      67.04      3.98   36968.9
"VI_step_ss"          61.88     3.68    1682.30     99.94  977888.5
"log1p"               57.94     3.44      57.94      3.44       0.1
"sum"                 52.04     3.09      52.04      3.09   32838.3
"g_fun.vec"           42.84     2.54     284.76     16.92  123022.9
"!="                  40.20     2.39      40.20      2.39   23738.3
"<="                  19.02     1.13      19.02      1.13   19864.0
"ELBO.fun_ss"         10.70     0.64     885.44     52.60  455432.7
"+"                    8.92     0.53       8.92      0.53    4913.9
"lapply"               3.26     0.19    1683.34    100.00  978079.3
"diag<-"               2.46     0.15       2.48      0.15    2042.8
"%*%"                  1.70     0.10       1.70      0.10    1181.7
"("                    1.04     0.06       1.04      0.06     695.6
"length"               0.40     0.02       0.40      0.02     219.1
"unique"               0.28     0.02       0.62      0.04     316.0
"lengths"              0.24     0.01       0.24      0.01     105.2
"sapply"               0.20     0.01     294.96     17.52  161292.1
"standardGeneric"      0.12     0.01       2.70      0.16    2190.3
"=="                   0.10     0.01       0.10      0.01      78.9
"t"                    0.08     0.00       0.20      0.01     147.5
"isFALSE"              0.08     0.00       0.08      0.00      49.6
"VI_binary_ss"         0.06     0.00    1683.34    100.00  978079.3
"unique.default"       0.06     0.00       0.10      0.01      64.4
"is.factor"            0.04     0.00       0.04      0.00      15.6
"match.fun"            0.04     0.00       0.04      0.00       7.9
"loglogit"             0.02     0.00     299.72     17.81  151196.9
"simplify2array"       0.02     0.00       0.64      0.04     316.0
"numeric"              0.02     0.00       0.02      0.00       7.6
"print.default"        0.02     0.00       0.02      0.00       0.0
"t.default"            0.02     0.00       0.02      0.00      15.8

$by.total
                  total.time total.pct mem.total self.time self.pct
"FUN"                1683.34    100.00  978079.3     91.10     5.41
"lapply"             1683.34    100.00  978079.3      3.26     0.19
"VI_binary_ss"       1683.34    100.00  978079.3      0.06     0.00
"%dopar%"            1683.34    100.00  978079.3      0.00     0.00
"doTryCatch"         1683.34    100.00  978079.3      0.00     0.00
"e$fun"              1683.34    100.00  978079.3      0.00     0.00
"eval"               1683.34    100.00  978079.3      0.00     0.00
"mclapply"           1683.34    100.00  978079.3      0.00     0.00
"sendMaster"         1683.34    100.00  978079.3      0.00     0.00
"try"                1683.34    100.00  978079.3      0.00     0.00
"tryCatch"           1683.34    100.00  978079.3      0.00     0.00
"tryCatchList"       1683.34    100.00  978079.3      0.00     0.00
"tryCatchOne"        1683.34    100.00  978079.3      0.00     0.00
"VI_step_ss"         1682.30     99.94  977888.5     61.88     3.68
"ELBO.fun_ss"         885.44     52.60  455432.7     10.70     0.64
"unlist"              520.28     30.91  363937.8    518.52    30.80
"g_fun"               402.54     23.91  227357.0     81.30     4.83
"loglogit"            299.72     17.81  151196.9      0.02     0.00
"sapply"              294.96     17.52  161292.1      0.20     0.01
"g_fun.vec"           284.76     16.92  123022.9     42.84     2.54
"log1p.exp.vec"       269.02     15.98  126171.5     83.56     4.96
"exp"                 218.46     12.98   98565.8    218.46    12.98
"-"                   143.80      8.54   92406.5    143.80     8.54
"^"                    90.70      5.39   47565.6     90.70     5.39
"/"                    85.06      5.05   54887.4     85.06     5.05
"*"                    67.04      3.98   36968.9     67.04     3.98
"log1p"                57.94      3.44       0.1     57.94     3.44
"sum"                  52.04      3.09   32838.3     52.04     3.09
"!="                   40.20      2.39   23738.3     40.20     2.39
"<="                   19.02      1.13   19864.0     19.02     1.13
"+"                     8.92      0.53    4913.9      8.92     0.53
"standardGeneric"       2.70      0.16    2190.3      0.12     0.01
"diag<-"                2.48      0.15    2042.8      2.46     0.15
"%*%"                   1.70      0.10    1181.7      1.70     0.10
"("                     1.04      0.06     695.6      1.04     0.06
"simplify2array"        0.64      0.04     316.0      0.02     0.00
"unique"                0.62      0.04     316.0      0.28     0.02
"length"                0.40      0.02     219.1      0.40     0.02
"lengths"               0.24      0.01     105.2      0.24     0.01
"t"                     0.20      0.01     147.5      0.08     0.00
"=="                    0.10      0.01      78.9      0.10     0.01
"unique.default"        0.10      0.01      64.4      0.06     0.00
"isFALSE"               0.08      0.00      49.6      0.08     0.00
"is.factor"             0.04      0.00      15.6      0.04     0.00
"match.fun"             0.04      0.00       7.9      0.04     0.00
"numeric"               0.02      0.00       7.6      0.02     0.00
"print.default"         0.02      0.00       0.0      0.02     0.00
"t.default"             0.02      0.00      15.8      0.02     0.00
"print"                 0.02      0.00       0.0      0.00     0.00

$sample.interval
[1] 0.02

$sampling.time
[1] 1683.34

