[1] 10
[1] 20
[1] 30
[1] 40
[1] 50
[1] 60
[1] 70
[1] 80
[1] 90
[1] 100
[1] 110
[1] 120
[1] 130
[1] 140
[1] 150
[1] 160
[1] 170
[1] 180
[1] 190
[1] 200
[1] 210
[1] 220
[1] 230
[1] 240
[1] 250
[1] 260
[1] 270
[1] 280
[1] 290
[1] 300
[1] 310
[1] 320
[1] 330
[1] 340
[1] 350
[1] 360
[1] 370
[1] 380
[1] 390
[1] 400
[1] 410
[1] 420
[1] 430
[1] 440
[1] 450
[1] 460
[1] 470
[1] 480
[1] 490
[1] 500
[1] 510
[1] 520
[1] 530
[1] 540
[1] 550
[1] 560
[1] 570
[1] 580
[1] 590
[1] 600
[1] 610
[1] 620
[1] 630
[1] 640
[1] 650
[1] 660
[1] 670
[1] 680
[1] 690
[1] 700
[1] 710
[1] 720
[1] 730
[1] 740
[1] 750
[1] 760
[1] 770
[1] 780
[1] 790
[1] 800
[1] 810
[1] 820
[1] 830
[1] 840
[1] 850
[1] 860
[1] 870
[1] 880
[1] 890
[1] 900
[1] 910
[1] 920
[1] 930
[1] 940
[1] 950
[1] 960
[1] 970
[1] 980
[1] 990
[1] 1000
[1] 1010
[1] 1020
[1] 1030
[1] 1040
[1] 1050
[1] 1060
[1] 1070
[1] 1080
[1] 1090
[1] 1100
[1] 1110
[1] 1120
[1] 1130
[1] 1140
[1] 1150
[1] 1160
[1] 1170
[1] 1180
[1] 1190
[1] 1200
[1] 1210
[1] 1220
[1] 1230
[1] 1240
[1] 1250
[1] 1260
[1] 1270
[1] 1280
[1] 1290
[1] 1300
[1] 1310
[1] 1320
[1] 1330
[1] 1340
[1] 1350
[1] 1360
[1] 1370
[1] 1380
[1] 1390
[1] 1400
[1] 1410
[1] 1420
[1] 1430
[1] 1440
[1] 1450
[1] 1460
[1] 1470
[1] 1480
[1] 1490
[1] 1500
[1] 1510
[1] 1520
[1] 1530
[1] 1540
[1] 1550
[1] 1560
[1] 1570
[1] 1580
[1] 1590
[1] 1600
[1] 1610
[1] 1620
[1] 1630
[1] 1640
[1] 1650
[1] 1660
[1] 1670
[1] 1680
[1] 1690
[1] 1700
[1] 1710
[1] 1720
[1] 1730
[1] 1740
[1] 1750
[1] 1760
[1] 1770
[1] 1780
[1] 1790
[1] 1800
[1] 1810
[1] 1820
[1] 1830
[1] 1840
[1] 1850
[1] 1860
[1] 1870
[1] 1880
[1] 1890
[1] 1900
[1] 1910
[1] 1920
[1] 1930
[1] 1940
[1] 1950
[1] 1960
[1] 1970
[1] 1980
[1] 1990
[1] 2000
[1] 2010
[1] 2020
[1] 2030
[1] 2040
[1] 2050
[1] 2060
[1] 2070
[1] 2080
[1] 2090
[1] 2100
[1] 2110
[1] 2120
[1] 2130
[1] 2140
[1] 2150
[1] 2160
[1] 2170
[1] 2180
[1] 2190
[1] 2200
[1] 2210
[1] 2220
[1] 2230
[1] 2240
[1] 2250
[1] 2260
[1] 2270
[1] 2280
[1] 2290
[1] 2300
[1] 2310
[1] 2320
[1] 2330
[1] 2340
[1] 2350
[1] 2360
[1] 2370
[1] 2380
[1] 2390
[1] 2400
[1] 2410
[1] 2420
[1] 2430
[1] 2440
[1] 2450
[1] 2460
[1] 2470
[1] 2480
[1] 2490
[1] 2500
[1] 2510
[1] 2520
[1] 2530
[1] 2540
[1] 2550
[1] 2560
[1] 2570
[1] 2580
[1] 2590
[1] 2600
[1] 2610
[1] 2620
[1] 2630
[1] 2640
[1] 2650
[1] 2660
[1] 2670
[1] 2680
[1] 2690
[1] 2700
[1] 2710
[1] 2720
[1] 2730
[1] 2740
[1] 2750
[1] 2760
[1] 2770
[1] 2780
[1] 2790
[1] 2800
[1] 2810
[1] 2820
[1] 2830
[1] 2840
[1] 2850
[1] 2860
[1] 2870
[1] 2880
[1] 2890
[1] 2900
[1] 2910
[1] 2920
[1] 2930
[1] 2940
[1] 2950
[1] 2960
[1] 2970
[1] 2980
[1] 2990
[1] 3000
[1] 3010
[1] 3020
[1] 3030
[1] 3040
[1] 3050
[1] 3060
[1] 3070
[1] 3080
[1] 3090
[1] 3100
[1] 3110
[1] 3120
[1] 3130
[1] 3140
[1] 3150
[1] 3160
[1] 3170
[1] 3180
[1] 3190
[1] 3200
[1] 3210
[1] 3220
[1] 3230
[1] 3240
[1] 3250
[1] 3260
[1] 3270
[1] 3280
[1] 3290
[1] 3300
[1] 3310
[1] 3320
[1] 3330
[1] 3340
[1] 3350
[1] 3360
[1] 3370
[1] 3380
[1] 3390
[1] 3400
[1] 3410
[1] 3420
[1] 3430
[1] 3440
[1] 3450
[1] 3460
[1] "Converged after 3465 steps."
$by.self
                  self.time self.pct total.time total.pct mem.total
"unlist"             593.58    27.93     595.22     28.01  459609.3
"exp"                253.44    11.93     253.44     11.93  127342.0
"-"                  228.46    10.75     228.46     10.75  105177.0
"log1p.exp.vec"      155.94     7.34     390.26     18.36  150743.4
"FUN"                142.00     6.68    2125.22    100.00 1247541.6
"/"                  121.52     5.72     121.52      5.72   68092.2
"^"                  100.04     4.71     100.04      4.71   64181.4
"g_fun"               99.14     4.66     489.60     23.04  290291.1
"*"                   84.86     3.99      84.86      3.99   51898.3
"VI_step_ss"          77.68     3.66    2124.56     99.97 1247344.6
"log1p"               69.88     3.29      69.88      3.29       0.2
"sum"                 61.88     2.91      61.88      2.91   41291.5
"!="                  51.86     2.44      51.86      2.44   33255.9
"g_fun.vec"           27.58     1.30     325.46     15.31  158689.3
"<="                  21.46     1.01      21.46      1.01   18410.3
"ELBO.fun_ss"         12.74     0.60    1174.64     55.27  571582.9
"+"                   10.96     0.52      10.96      0.52    6210.3
"lapply"               3.80     0.18    2125.22    100.00 1247541.6
"diag<-"               3.24     0.15       3.28      0.15    2786.9
"%*%"                  1.90     0.09       1.90      0.09    1391.6
"("                    1.16     0.05       1.16      0.05     788.8
"length"               0.52     0.02       0.52      0.02     341.2
"unique"               0.34     0.02       0.82      0.04     559.6
"lengths"              0.32     0.02       0.32      0.02     221.8
"sapply"               0.20     0.01     388.90     18.30  218588.8
"unique.default"       0.14     0.01       0.16      0.01     112.1
"standardGeneric"      0.12     0.01       3.46      0.16    2887.4
"=="                   0.10     0.00       0.10      0.00      69.0
"isFALSE"              0.08     0.00       0.08      0.00      49.4
"t"                    0.06     0.00       0.14      0.01      95.2
":"                    0.04     0.00       0.04      0.00      31.1
"numeric"              0.04     0.00       0.04      0.00      15.3
"VI_binary_ss"         0.02     0.00    2125.22    100.00 1247541.6
"mean"                 0.02     0.00       0.04      0.00      15.7
"cbind"                0.02     0.00       0.02      0.00      19.6
"is.factor"            0.02     0.00       0.02      0.00       7.8
"list"                 0.02     0.00       0.02      0.00       7.8
"match.fun"            0.02     0.00       0.02      0.00       7.8
"print.default"        0.02     0.00       0.02      0.00       7.9

$by.total
                  total.time total.pct mem.total self.time self.pct
"FUN"                2125.22    100.00 1247541.6    142.00     6.68
"lapply"             2125.22    100.00 1247541.6      3.80     0.18
"VI_binary_ss"       2125.22    100.00 1247541.6      0.02     0.00
"%dopar%"            2125.22    100.00 1247541.6      0.00     0.00
"doTryCatch"         2125.22    100.00 1247541.6      0.00     0.00
"e$fun"              2125.22    100.00 1247541.6      0.00     0.00
"eval"               2125.22    100.00 1247541.6      0.00     0.00
"mclapply"           2125.22    100.00 1247541.6      0.00     0.00
"sendMaster"         2125.22    100.00 1247541.6      0.00     0.00
"try"                2125.22    100.00 1247541.6      0.00     0.00
"tryCatch"           2125.22    100.00 1247541.6      0.00     0.00
"tryCatchList"       2125.22    100.00 1247541.6      0.00     0.00
"tryCatchOne"        2125.22    100.00 1247541.6      0.00     0.00
"VI_step_ss"         2124.56     99.97 1247344.6     77.68     3.66
"ELBO.fun_ss"        1174.64     55.27  571582.9     12.74     0.60
"unlist"              595.22     28.01  459609.3    593.58    27.93
"g_fun"               489.60     23.04  290291.1     99.14     4.66
"loglogit"            457.86     21.54  178966.8      0.00     0.00
"log1p.exp.vec"       390.26     18.36  150743.4    155.94     7.34
"sapply"              388.90     18.30  218588.8      0.20     0.01
"g_fun.vec"           325.46     15.31  158689.3     27.58     1.30
"exp"                 253.44     11.93  127342.0    253.44    11.93
"-"                   228.46     10.75  105177.0    228.46    10.75
"/"                   121.52      5.72   68092.2    121.52     5.72
"^"                   100.04      4.71   64181.4    100.04     4.71
"*"                    84.86      3.99   51898.3     84.86     3.99
"log1p"                69.88      3.29       0.2     69.88     3.29
"sum"                  61.88      2.91   41291.5     61.88     2.91
"!="                   51.86      2.44   33255.9     51.86     2.44
"<="                   21.46      1.01   18410.3     21.46     1.01
"+"                    10.96      0.52    6210.3     10.96     0.52
"standardGeneric"       3.46      0.16    2887.4      0.12     0.01
"diag<-"                3.28      0.15    2786.9      3.24     0.15
"%*%"                   1.90      0.09    1391.6      1.90     0.09
"("                     1.16      0.05     788.8      1.16     0.05
"unique"                0.82      0.04     559.6      0.34     0.02
"simplify2array"        0.82      0.04     559.6      0.00     0.00
"length"                0.52      0.02     341.2      0.52     0.02
"lengths"               0.32      0.02     221.8      0.32     0.02
"unique.default"        0.16      0.01     112.1      0.14     0.01
"t"                     0.14      0.01      95.2      0.06     0.00
"=="                    0.10      0.00      69.0      0.10     0.00
"isFALSE"               0.08      0.00      49.4      0.08     0.00
":"                     0.04      0.00      31.1      0.04     0.00
"numeric"               0.04      0.00      15.3      0.04     0.00
"mean"                  0.04      0.00      15.7      0.02     0.00
"cbind"                 0.02      0.00      19.6      0.02     0.00
"is.factor"             0.02      0.00       7.8      0.02     0.00
"list"                  0.02      0.00       7.8      0.02     0.00
"match.fun"             0.02      0.00       7.8      0.02     0.00
"print.default"         0.02      0.00       7.9      0.02     0.00
"print"                 0.02      0.00       7.9      0.00     0.00

$sample.interval
[1] 0.02

$sampling.time
[1] 2125.22

