[1] 10
[1] 20
[1] 30
[1] 40
[1] 50
[1] 60
[1] 70
[1] 80
[1] 90
[1] 100
[1] 110
[1] 120
[1] 130
[1] 140
[1] 150
[1] 160
[1] 170
[1] 180
[1] 190
[1] 200
[1] 210
[1] 220
[1] 230
[1] 240
[1] 250
[1] 260
[1] 270
[1] 280
[1] 290
[1] 300
[1] 310
[1] 320
[1] 330
[1] 340
[1] 350
[1] 360
[1] 370
[1] 380
[1] 390
[1] 400
[1] 410
[1] 420
[1] 430
[1] 440
[1] 450
[1] 460
[1] 470
[1] 480
[1] 490
[1] 500
[1] 510
[1] 520
[1] 530
[1] 540
[1] 550
[1] 560
[1] 570
[1] 580
[1] 590
[1] 600
[1] 610
[1] 620
[1] 630
[1] 640
[1] 650
[1] 660
[1] 670
[1] 680
[1] 690
[1] 700
[1] 710
[1] 720
[1] 730
[1] 740
[1] 750
[1] 760
[1] 770
[1] 780
[1] 790
[1] 800
[1] 810
[1] 820
[1] 830
[1] 840
[1] 850
[1] 860
[1] 870
[1] 880
[1] 890
[1] 900
[1] 910
[1] 920
[1] 930
[1] 940
[1] 950
[1] 960
[1] 970
[1] 980
[1] 990
[1] 1000
[1] 1010
[1] 1020
[1] 1030
[1] 1040
[1] 1050
[1] 1060
[1] 1070
[1] 1080
[1] 1090
[1] 1100
[1] 1110
[1] 1120
[1] 1130
[1] 1140
[1] 1150
[1] 1160
[1] 1170
[1] 1180
[1] 1190
[1] 1200
[1] 1210
[1] 1220
[1] 1230
[1] 1240
[1] 1250
[1] 1260
[1] 1270
[1] 1280
[1] 1290
[1] 1300
[1] 1310
[1] 1320
[1] 1330
[1] 1340
[1] 1350
[1] 1360
[1] 1370
[1] 1380
[1] 1390
[1] 1400
[1] 1410
[1] 1420
[1] 1430
[1] 1440
[1] 1450
[1] 1460
[1] 1470
[1] 1480
[1] 1490
[1] 1500
[1] 1510
[1] 1520
[1] 1530
[1] 1540
[1] 1550
[1] 1560
[1] 1570
[1] 1580
[1] 1590
[1] 1600
[1] 1610
[1] 1620
[1] 1630
[1] 1640
[1] 1650
[1] 1660
[1] 1670
[1] 1680
[1] 1690
[1] 1700
[1] 1710
[1] 1720
[1] 1730
[1] 1740
[1] 1750
[1] 1760
[1] 1770
[1] 1780
[1] 1790
[1] 1800
[1] 1810
[1] 1820
[1] 1830
[1] 1840
[1] 1850
[1] 1860
[1] 1870
[1] 1880
[1] 1890
[1] 1900
[1] 1910
[1] 1920
[1] 1930
[1] 1940
[1] 1950
[1] 1960
[1] 1970
[1] 1980
[1] 1990
[1] 2000
[1] 2010
[1] 2020
[1] 2030
[1] 2040
[1] 2050
[1] 2060
[1] 2070
[1] 2080
[1] 2090
[1] 2100
[1] 2110
[1] 2120
[1] 2130
[1] 2140
[1] 2150
[1] 2160
[1] 2170
[1] 2180
[1] 2190
[1] 2200
[1] 2210
[1] 2220
[1] 2230
[1] 2240
[1] 2250
[1] 2260
[1] 2270
[1] 2280
[1] 2290
[1] 2300
[1] 2310
[1] 2320
[1] 2330
[1] 2340
[1] 2350
[1] 2360
[1] 2370
[1] 2380
[1] 2390
[1] 2400
[1] 2410
[1] 2420
[1] 2430
[1] 2440
[1] 2450
[1] 2460
[1] 2470
[1] 2480
[1] 2490
[1] 2500
[1] 2510
[1] 2520
[1] 2530
[1] 2540
[1] 2550
[1] 2560
[1] 2570
[1] 2580
[1] 2590
[1] 2600
[1] 2610
[1] 2620
[1] 2630
[1] 2640
[1] 2650
[1] 2660
[1] 2670
[1] 2680
[1] 2690
[1] 2700
[1] 2710
[1] 2720
[1] 2730
[1] 2740
[1] 2750
[1] 2760
[1] 2770
[1] 2780
[1] 2790
[1] 2800
[1] 2810
[1] 2820
[1] 2830
[1] 2840
[1] 2850
[1] 2860
[1] 2870
[1] 2880
[1] 2890
[1] 2900
[1] 2910
[1] 2920
[1] 2930
[1] 2940
[1] 2950
[1] 2960
[1] 2970
[1] 2980
[1] 2990
[1] 3000
[1] 3010
[1] 3020
[1] 3030
[1] 3040
[1] 3050
[1] 3060
[1] 3070
[1] 3080
[1] 3090
[1] 3100
[1] 3110
[1] 3120
[1] 3130
[1] 3140
[1] 3150
[1] 3160
[1] 3170
[1] 3180
[1] 3190
[1] 3200
[1] 3210
[1] 3220
[1] 3230
[1] 3240
[1] 3250
[1] 3260
[1] 3270
[1] 3280
[1] 3290
[1] 3300
[1] 3310
[1] 3320
[1] 3330
[1] 3340
[1] 3350
[1] 3360
[1] 3370
[1] 3380
[1] 3390
[1] "Converged after 3399 steps."
$by.self
                  self.time self.pct total.time total.pct mem.total
"unlist"            1534.14    21.70    1536.42     21.73  442084.0
"exp"                808.42    11.44     808.42     11.44  275084.1
"^"                  734.66    10.39     734.66     10.39  202318.3
"FUN"                549.14     7.77    7069.00    100.00 2518989.3
"log1p.exp.vec"      508.48     7.19    1258.12     17.80  357009.3
"-"                  476.40     6.74     476.40      6.74  198106.2
"g_fun.vec"          452.66     6.40    1429.86     20.23  421470.3
"*"                  423.34     5.99     423.34      5.99  209455.0
"g_fun"              367.06     5.19    1681.26     23.78  567514.0
"/"                  340.48     4.82     340.48      4.82  233019.3
"log1p"              219.36     3.10     219.36      3.10       0.2
"!="                 193.36     2.74     193.36      2.74  149194.8
"sum"                189.24     2.68     189.24      2.68  193830.0
"<="                 104.88     1.48     104.88      1.48   63739.6
"VI_step_ss"          96.56     1.37    7067.90     99.98 2518498.9
"+"                   35.12     0.50      35.12      0.50   18944.8
"ELBO.fun_ss"         16.32     0.23    3857.58     54.57 1227042.5
"diag<-"               5.44     0.08       5.52      0.08    3160.0
"%*%"                  4.80     0.07       4.80      0.07    2278.7
"lapply"               4.62     0.07    7069.00    100.00 2518989.3
"("                    1.66     0.02       1.66      0.02    1469.5
"length"               0.40     0.01       0.40      0.01     236.3
"lengths"              0.38     0.01       0.38      0.01     286.0
"numeric"              0.34     0.00       0.34      0.00     194.9
"unique"               0.32     0.00       1.02      0.01     834.8
"=="                   0.30     0.00       0.30      0.00     155.6
"unique.default"       0.26     0.00       0.32      0.00     327.9
"standardGeneric"      0.14     0.00       5.76      0.08    3368.8
"VI_binary_ss"         0.10     0.00    7069.00    100.00 2518989.3
"isFALSE"              0.10     0.00       0.12      0.00      99.3
"sapply"               0.08     0.00    1451.24     20.53  479117.5
"match.fun"            0.08     0.00       0.08      0.00      73.1
"t"                    0.06     0.00       0.18      0.00     168.9
"cbind"                0.06     0.00       0.06      0.00      74.9
"is.factor"            0.06     0.00       0.06      0.00      58.7
":"                    0.04     0.00       0.04      0.00      17.6
"simplify2array"       0.02     0.00       1.04      0.01     862.4
"print"                0.02     0.00       0.04      0.00      27.7
"%%"                   0.02     0.00       0.02      0.00      14.7
"abs"                  0.02     0.00       0.02      0.00      12.2
"is.na"                0.02     0.00       0.02      0.00      27.7
"print.default"        0.02     0.00       0.02      0.00      14.3
"t.default"            0.02     0.00       0.02      0.00      20.0

$by.total
                  total.time total.pct mem.total self.time self.pct
"FUN"                7069.00    100.00 2518989.3    549.14     7.77
"lapply"             7069.00    100.00 2518989.3      4.62     0.07
"VI_binary_ss"       7069.00    100.00 2518989.3      0.10     0.00
"%dopar%"            7069.00    100.00 2518989.3      0.00     0.00
"doTryCatch"         7069.00    100.00 2518989.3      0.00     0.00
"e$fun"              7069.00    100.00 2518989.3      0.00     0.00
"eval"               7069.00    100.00 2518989.3      0.00     0.00
"mclapply"           7069.00    100.00 2518989.3      0.00     0.00
"sendMaster"         7069.00    100.00 2518989.3      0.00     0.00
"try"                7069.00    100.00 2518989.3      0.00     0.00
"tryCatch"           7069.00    100.00 2518989.3      0.00     0.00
"tryCatchList"       7069.00    100.00 2518989.3      0.00     0.00
"tryCatchOne"        7069.00    100.00 2518989.3      0.00     0.00
"VI_step_ss"         7067.90     99.98 2518498.9     96.56     1.37
"ELBO.fun_ss"        3857.58     54.57 1227042.5     16.32     0.23
"g_fun"              1681.26     23.78  567514.0    367.06     5.19
"unlist"             1536.42     21.73  442084.0   1534.14    21.70
"sapply"             1451.24     20.53  479117.5      0.08     0.00
"g_fun.vec"          1429.86     20.23  421470.3    452.66     6.40
"loglogit"           1347.08     19.06  408351.6      0.00     0.00
"log1p.exp.vec"      1258.12     17.80  357009.3    508.48     7.19
"exp"                 808.42     11.44  275084.1    808.42    11.44
"^"                   734.66     10.39  202318.3    734.66    10.39
"-"                   476.40      6.74  198106.2    476.40     6.74
"*"                   423.34      5.99  209455.0    423.34     5.99
"/"                   340.48      4.82  233019.3    340.48     4.82
"log1p"               219.36      3.10       0.2    219.36     3.10
"!="                  193.36      2.74  149194.8    193.36     2.74
"sum"                 189.24      2.68  193830.0    189.24     2.68
"<="                  104.88      1.48   63739.6    104.88     1.48
"+"                    35.12      0.50   18944.8     35.12     0.50
"standardGeneric"       5.76      0.08    3368.8      0.14     0.00
"diag<-"                5.52      0.08    3160.0      5.44     0.08
"%*%"                   4.80      0.07    2278.7      4.80     0.07
"("                     1.66      0.02    1469.5      1.66     0.02
"simplify2array"        1.04      0.01     862.4      0.02     0.00
"unique"                1.02      0.01     834.8      0.32     0.00
"length"                0.40      0.01     236.3      0.40     0.01
"lengths"               0.38      0.01     286.0      0.38     0.01
"numeric"               0.34      0.00     194.9      0.34     0.00
"unique.default"        0.32      0.00     327.9      0.26     0.00
"=="                    0.30      0.00     155.6      0.30     0.00
"t"                     0.18      0.00     168.9      0.06     0.00
"isFALSE"               0.12      0.00      99.3      0.10     0.00
"match.fun"             0.08      0.00      73.1      0.08     0.00
"cbind"                 0.06      0.00      74.9      0.06     0.00
"is.factor"             0.06      0.00      58.7      0.06     0.00
":"                     0.04      0.00      17.6      0.04     0.00
"print"                 0.04      0.00      27.7      0.02     0.00
"%%"                    0.02      0.00      14.7      0.02     0.00
"abs"                   0.02      0.00      12.2      0.02     0.00
"is.na"                 0.02      0.00      27.7      0.02     0.00
"print.default"         0.02      0.00      14.3      0.02     0.00
"t.default"             0.02      0.00      20.0      0.02     0.00
"mean"                  0.02      0.00      12.2      0.00     0.00

$sample.interval
[1] 0.02

$sampling.time
[1] 7069

